2 15 170 180 23510 
218 295
0 0 0
2 40000 130.293 0 0
7 40000 130.293 0 0
20 40000 130.293 0 0
21 40000 130.293 0 0
23 40000 130.293 0 0
25 40000 130.293 0 0
51 40000 130.293 0 0
70 40000 130.293 0 0
73 40000 130.293 0 0
75 40000 130.293 0 0
76 40000 130.293 0 0
91 40000 130.293 0 0
93 40000 130.293 0 0
120 40000 130.293 0 0
122 40000 130.293 0 0
132 40000 130.293 0 0
135 40000 130.293 0 0
145 40000 130.293 0 0
150 40000 130.293 0 0
256 40000 130.293 0 0
258 40000 130.293 0 0
296 40000 130.293 0 0
297 40000 130.293 0 0
313 40000 130.293 0 0
315 40000 130.293 0 0
318 40000 130.293 0 0
319 40000 130.293 0 0
364 40000 130.293 0 1
365 40000 130.293 0 1
376 40000 130.293 0 1
377 40000 130.293 0 1
385 40000 130.293 0 1
390 40000 130.293 0 1
756 40000 130.293 0 0
757 40000 130.293 0 0
759 40000 130.293 0 0
761 40000 130.293 0 0
775 40000 130.293 0 0
780 40000 130.293 0 0
782 40000 130.293 0 0
789 40000 130.293 0 0
792 40000 130.293 0 0
796 40000 130.293 0 0
798 40000 130.293 0 0
801 40000 130.293 0 0
806 40000 130.293 0 0
809 40000 130.293 0 0
816 40000 130.293 0 0
817 40000 130.293 0 0
819 40000 130.293 0 0
821 40000 130.293 0 0
822 40000 130.293 0 0
825 40000 130.293 0 0
826 40000 130.293 0 0
827 40000 130.293 0 0
828 40000 130.293 0 0
835 40000 130.293 0 0
847 40000 130.293 0 0
848 40000 130.293 0 0
849 40000 130.293 0 0
851 40000 130.293 0 0
856 40000 130.293 0 0
862 40000 130.293 0 0
868 40000 130.293 0 0
871 40000 130.293 0 0
881 40000 130.293 0 0
888 40000 130.293 0 0
895 40000 130.293 0 0
903 40000 130.293 0 0
906 40000 130.293 0 0
913 40000 130.293 0 0
917 40000 130.293 0 0
920 40000 130.293 0 0
932 40000 130.293 0 0
941 40000 130.293 0 1
946 40000 130.293 0 1
947 40000 130.293 0 1
948 40000 130.293 0 1
949 40000 130.293 0 1
951 40000 130.293 0 1
957 40000 130.293 0 1
960 40000 130.293 0 1
961 40000 130.293 0 1
967 40000 130.293 0 1
1048 40000 130.293 0 0
1095 40000 130.293 0 0
1096 40000 130.293 0 0
1098 40000 130.293 0 0
1099 40000 130.293 0 0
1100 40000 130.293 0 0
1101 40000 130.293 0 0
1102 40000 130.293 0 0
1103 40000 130.293 0 0
1105 40000 130.293 0 0
1106 40000 130.293 0 0
1108 40000 130.293 0 0
1110 40000 130.293 0 0
1111 40000 130.293 0 0
1112 40000 130.293 0 0
1113 40000 130.293 0 0
1114 40000 130.293 0 0
1115 40000 130.293 0 0
1116 40000 130.293 0 0
1117 40000 130.293 0 0
1118 40000 130.293 0 0
1119 40000 130.293 0 0
1120 40000 130.293 0 0
1121 40000 130.293 0 0
1122 40000 130.293 0 0
1124 40000 130.293 0 0
1125 40000 130.293 0 0
1127 40000 130.293 0 0
1129 40000 130.293 0 0
1131 40000 130.293 0 0
1132 40000 130.293 0 0
1133 40000 130.293 0 0
1134 40000 130.293 0 0
1135 40000 130.293 0 0
1136 40000 130.293 0 0
1138 40000 130.293 0 0
1139 40000 130.293 0 0
1141 40000 130.293 0 0
1143 40000 130.293 0 0
1144 40000 130.293 0 0
1146 40000 130.293 0 0
1147 40000 130.293 0 0
1148 40000 130.293 0 0
1149 40000 130.293 0 0
1151 40000 130.293 0 0
1152 40000 130.293 0 0
1153 40000 130.293 0 0
1155 40000 130.293 0 0
1156 40000 130.293 0 0
1157 40000 130.293 0 0
1158 40000 130.293 0 0
1160 40000 130.293 0 0
1161 40000 130.293 0 0
1163 40000 130.293 0 0
1164 40000 130.293 0 0
1167 40000 130.293 0 0
1168 40000 130.293 0 0
1246 40000 130.293 0 0
1250 40000 130.293 0 0
1259 40000 130.293 0 0
1261 40000 130.293 0 0
1263 40000 130.293 0 0
1279 40000 130.293 0 0
1281 40000 130.293 0 0
1282 40000 130.293 0 0
1288 40000 130.293 0 0
1289 40000 130.293 0 0
1293 40000 130.293 0 0
1295 40000 130.293 0 0
1315 40000 130.293 0 0
1318 40000 130.293 0 0
1324 40000 130.293 0 0
1326 40000 130.293 0 0
1331 40000 130.293 0 0
1335 40000 130.293 0 0
1338 40000 130.293 0 0
1340 40000 130.293 0 0
1344 40000 130.293 0 0
1345 40000 130.293 0 0
1346 40000 130.293 0 0
1347 40000 130.293 0 0
1350 40000 130.293 0 0
1352 40000 130.293 0 0
1356 40000 130.293 0 0
1360 40000 130.293 0 1
1361 40000 130.293 0 1
1365 40000 130.293 0 1
1366 40000 130.293 0 1
1367 40000 130.293 0 1
1370 40000 130.293 0 1
1372 40000 130.293 0 1
1374 40000 130.293 0 1
1376 40000 130.293 0 1
1378 40000 130.293 0 1
1389 40000 130.293 0 1
1392 40000 130.293 0 1
1397 40000 130.293 0 1
1398 40000 130.293 0 1
1400 40000 130.293 0 1
1403 40000 130.293 0 1
1406 40000 130.293 0 1
1407 40000 130.293 0 1
1408 40000 130.293 0 1
1410 40000 130.293 0 1
1580 40000 130.293 0 0
1612 40000 130.293 0 0
1613 40000 130.293 0 0
1615 40000 130.293 0 0
1620 40000 130.293 0 0
1621 40000 130.293 0 0
1624 40000 130.293 0 0
1646 40000 130.293 0 1
1663 40000 130.293 0 0
1669 40000 130.293 0 0
1675 40000 130.293 0 0
1678 40000 130.293 0 0
1685 40000 130.293 0 0
1687 40000 130.293 0 0
1688 40000 130.293 0 0
1693 40000 130.293 0 1
1695 40000 130.293 0 1
1745 40000 130.293 0 0
2359 50000 2527.34 2 0
2361 50000 3281.21 2 0
2389 50000 1195.44 2 0
2439 50000 1560.93 2 0
2446 50000 2373.46 2 0
2452 50000 8247.64 2 0
2472 50000 2251.49 2 0
2482 50000 3631.53 2 0
2496 50000 1005.33 2 0
2542 50000 1814.55 2 0
2594 50000 4624.79 2 0
2598 50000 5787.21 2 0
1 2446 0 0
0 0
73.1963 6.79
-6887411 -243839 425.73 510.17
-6865753 -252172 429.89 512.27
2 2446 0 0
0 0
5.04471 1.81
-6873371 -173680 421.04 518.92
-6867583 -175907 422.05 519.59
3 2446 0 0
0 0
152.735 8.91
-6877885 -197140 422.28 516.37
-6849461 -208080 427.39 519.49
4 2446 0 0
0 0
1215.72 20.03
-6871967 -224634 425.79 514.58
-6808043 -249260 437.87 520.98
5 1110 0 0
0 0
130.293 3.77
-6853443 297490 438.57 507.15
-6840911 294515 439.85 509.50
6 2446 0 0
0 0
767.936 11.37
-6833690 -214215 430.26 521.17
-6797414 -228202 436.95 524.97
7 2446 0 0
0 0
158.823 6.08
-6821000 -193915 430.23 524.87
-6801584 -201403 433.69 527.02
8 1397 0 64
0 0
130.293 3.77
-6303476 357648 514.13 521.94
-6290859 355060 515.74 523.97
9 1365 0 70
0 0
130.293 3.77
-6282760 336966 515.71 526.34
-6270154 334324 517.38 528.31
10 1157 0 0
0 0
130.293 3.77
-6513655 277742 484.38 559.56
-6501104 274851 485.76 561.82
11 1366 0 75
0 0
130.293 3.77
-6255976 239656 516.01 533.78
-6243428 236749 517.75 535.66
12 1117 0 0
0 0
130.293 3.77
-6492996 369258 511.69 538.23
-6480383 366652 512.08 541.49
13 1340 0 0
0 0
130.293 3.77
-6489060 340697 501.04 550.02
-6476465 338005 502.09 552.61
14 1098 0 0
0 0
130.293 3.77
-6452810 307837 498.44 563.09
-6440234 305059 499.72 565.46
15 1374 0 90
0 0
130.293 3.77
-6205054 270425 524.21 540.30
-6192483 267620 525.94 542.20
16 1111 0 0
0 0
130.293 3.77
-6430321 315006 503.17 564.87
-6417738 312257 504.41 567.26
17 1121 0 0
0 0
130.293 3.77
-6428284 359329 516.22 552.40
-6415673 356712 516.99 555.28
18 1113 0 0
0 0
130.293 3.77
-6420571 302458 502.06 568.80
-6407995 299674 503.36 571.13
19 1147 0 0
0 0
130.293 3.77
-6427533 378809 529.24 539.60
-6414909 376250 528.05 544.44
20 1370 0 95
0 0
130.293 3.77
-6168542 118881 526.67 548.40
-6156066 115682 528.44 550.23
21 1129 0 0
0 0
130.293 3.77
-6389380 279150 502.57 577.31
-6376817 276309 503.94 579.56
22 1108 0 0
0 0
130.293 3.77
-6385672 350799 519.17 561.77
-6373064 348168 520.11 564.48
23 1338 0 0
0 0
130.293 3.77
-6392726 379553 535.57 543.33
-6380100 377006 533.84 548.72
24 1372 0 107
0 0
130.293 3.77
-6128150 207644 533.78 552.96
-6115612 204695 535.54 554.83
25 1100 0 0
0 0
130.293 3.77
-6352215 372850 534.33 556.28
-6339592 370294 534.48 559.78
26 1392 0 120
0 0
130.293 3.77
-6104798 124656 535.94 557.55
-6092311 121498 537.71 559.39
27 1101 0 0
0 0
130.293 3.77
-6305732 320109 522.30 581.75
-6293137 317413 523.52 584.17
28 1389 0 126
0 0
130.293 3.77
-6062879 174859 542.64 562.96
-6050356 171847 544.41 564.82
29 1376 0 128
0 0
130.293 3.77
-6054637 182679 543.96 564.03
-6042108 179691 545.72 565.89
30 1352 0 0
0 0
130.293 3.77
-6292155 331553 527.01 580.97
-6279553 328893 528.15 583.46
31 1138 0 0
0 0
130.293 3.77
-6287494 254462 513.78 595.55
-6274939 251586 515.22 597.73
32 1398 0 129
0 0
130.293 3.77
-6039248 197490 546.44 566.00
-6026709 194545 548.20 567.86
33 1360 0 131
0 0
130.293 3.77
-6023666 8173 547.03 569.91
-6011247 4756 548.83 571.70
34 1408 0 133
0 0
130.293 3.77
-6013984 -74887 548.65 571.09
-6001622 -78502 550.46 572.85
35 1158 0 0
0 0
130.293 3.77
-6252952 285848 523.36 595.95
-6240375 283071 524.72 598.22
36 1146 0 0
0 0
130.293 3.77
-6236699 285041 525.57 598.43
-6224121 282266 526.94 600.70
37 1295 0 0
0 0
130.293 3.77
-6232473 164843 513.05 612.17
-6219972 161740 514.64 614.19
38 1152 0 0
0 0
130.293 3.77
-6227263 189325 515.67 611.07
-6214746 186291 517.23 613.12
39 1133 0 0
0 0
130.293 3.77
-6218142 174169 515.79 613.57
-6205634 171097 517.37 615.61
40 1134 0 0
0 0
130.293 3.77
-6217345 183509 516.63 612.97
-6204831 180463 518.20 615.02
41 2482 0 0
0 0
649.969 14.27
-6195243 -351644 546.99 589.00
-6149579 -368827 561.07 588.11
42 1163 0 0
0 0
130.293 3.77
-6202823 307741 534.56 599.24
-6190229 305039 535.85 601.59
43 1102 0 0
0 0
130.293 3.77
-6205312 379207 562.00 571.07
-6192678 376703 560.61 576.12
44 2482 0 0
0 0
109.979 5.89
-6183333 -331004 542.59 596.84
-6164484 -338097 547.21 597.67
45 1407 0 139
0 0
130.293 3.77
-5941268 233479 561.35 579.41
-5928702 230655 563.10 581.29
46 1115 0 0
0 0
130.293 3.77
-6176325 216178 525.47 615.98
-6163785 213235 527.00 618.08
47 1406 0 140
0 0
130.293 3.77
-5928646 143944 561.61 582.79
-5916130 140902 563.39 584.64
48 1293 0 0
0 0
130.293 3.77
-6132229 144119 526.21 627.99
-6119732 141001 527.83 629.98
49 1279 0 0
0 0
130.293 3.77
-6131195 61207 522.98 631.52
-6118753 57874 524.70 633.40
50 1344 0 0
0 0
130.293 3.77
-6128170 183505 529.51 625.86
-6115648 180492 531.09 627.90
51 1378 0 141
0 0
130.293 3.77
-5888074 157071 567.65 588.48
-5875548 154075 569.42 590.34
52 1345 0 0
0 0
130.293 3.77
-6123647 122402 526.27 630.41
-6111164 119231 527.92 632.36
53 1400 0 143
0 0
130.293 3.77
-5876296 -32949 568.37 591.16
-5863886 -36395 570.18 592.95
54 1103 0 0
0 0
130.293 3.77
-6111612 95686 526.86 633.30
-6099145 92451 528.54 635.22
55 1403 0 144
0 0
130.293 3.77
-5864780 90116 570.32 592.55
-5852291 86966 572.10 594.37
56 1361 0 145
0 0
130.293 3.77
-5858836 121225 571.45 593.13
-5846328 118152 573.23 594.97
57 1367 0 146
0 0
130.293 3.77
-5855466 228384 573.63 591.93
-5842896 225572 575.38 593.81
58 1139 0 0
0 0
130.293 3.77
-6093677 232563 539.15 626.19
-6081121 229692 540.65 628.32
59 1136 0 0
0 0
130.293 3.77
-6091845 130883 531.30 634.57
-6079353 127747 532.94 636.54
60 1155 0 0
0 0
130.293 3.77
-6085886 131890 532.22 635.38
-6073392 128758 533.86 637.35
61 1161 0 0
0 0
130.293 3.77
-6082395 170315 535.13 633.47
-6069877 167284 536.72 635.50
62 1122 0 0
0 0
130.293 3.77
-6080715 79650 530.77 638.31
-6068255 76387 532.48 640.21
63 1315 0 0
0 0
130.293 3.77
-6074744 115653 533.02 637.79
-6062260 112485 534.68 639.74
64 1397 0 8
0 0
130.293 3.77
-6303476 357648 582.77 590.58
-6290859 355060 584.38 592.61
65 1350 0 0
0 0
130.293 3.77
-6065767 157220 536.63 636.78
-6053256 154162 538.24 638.78
66 1149 0 0
0 0
130.293 3.77
-6063757 86087 533.43 640.56
-6051291 82848 535.13 642.46
67 1153 0 0
0 0
130.293 3.77
-6062244 217456 542.09 632.34
-6049695 214555 543.61 634.44
68 1346 0 0
0 0
130.293 3.77
-6053167 139991 537.39 639.66
-6040665 136894 539.03 641.64
69 1289 0 0
0 0
130.293 3.77
-6052791 193611 541.24 635.92
-6040256 190651 542.80 637.98
70 1365 0 9
0 0
130.293 3.77
-6282760 336966 584.35 594.98
-6270154 334324 586.02 596.95
71 1288 0 0
0 0
130.293 3.77
-6045107 214374 544.26 635.12
-6032559 211470 545.79 637.22
72 1410 0 149
0 0
130.293 3.77
-5793691 139361 581.06 602.35
-5781167 136353 582.84 604.19
73 1148 0 0
0 0
130.293 3.77
-6026151 -57373 538.07 646.79
-6013778 -60951 539.94 648.49
74 1356 0 0
0 0
130.293 3.77
-6024176 -6528 537.74 647.69
-6011767 -9981 539.54 649.48
75 1366 0 11
0 0
130.293 3.77
-6255976 239656 584.65 602.42
-6243428 236749 586.39 604.30
76 1347 0 0
0 0
130.293 3.77
-6017055 50732 539.25 648.24
-6004607 47424 540.98 650.10
77 1120 0 0
0 0
130.293 3.77
-6006913 106814 542.43 647.98
-5994427 103650 544.11 649.92
78 1118 0 0
0 0
130.293 3.77
-6003494 -87088 542.18 649.23
-5991139 -90727 544.09 650.89
79 1096 0 0
0 0
130.293 3.77
-5998142 -47777 541.93 651.03
-5985758 -51318 543.78 652.75
80 1135 0 0
0 0
130.293 3.77
-5991882 -44933 542.78 651.98
-5979495 -48464 544.63 653.71
81 1143 0 0
0 0
130.293 3.77
-5985070 60296 544.07 652.66
-5972612 57026 545.80 654.53
82 2389 0 0
0 0
0.955339 0.79
-5979501 56379 544.79 653.55
-5976905 55677 545.15 653.94
83 1151 0 0
0 0
130.293 3.77
-5979954 53431 544.66 653.55
-5967500 50146 546.40 655.41
84 1164 0 0
0 0
130.293 3.77
-5979068 240797 556.66 641.81
-5966500 237981 558.15 643.95
85 1127 0 0
0 0
130.293 3.77
-5975733 92759 546.39 653.04
-5963253 89573 548.08 654.96
86 1156 0 0
0 0
130.293 3.77
-5975297 158472 549.79 649.77
-5962777 155449 551.40 651.77
87 1318 0 0
0 0
130.293 3.77
-5969894 -14340 545.61 655.51
-5957483 -17786 547.43 657.28
88 2389 0 0
0 0
474.964 11.31
-5981258 8149 543.94 653.89
-5943922 -1960 549.33 659.30
89 1116 0 0
0 0
130.293 3.77
-5968470 169415 551.53 650.00
-5955942 166422 553.13 652.02
90 1374 0 15
0 0
130.293 3.77
-6205054 270425 592.85 608.94
-6192483 267620 594.58 610.84
91 2389 0 0
0 0
719.521 15.86
-5985272 33594 543.57 653.11
-5932930 19418 550.99 660.81
92 1263 0 0
0 0
130.293 3.77
-5959206 122467 550.04 654.16
-5946706 119360 551.70 656.12
93 1261 0 0
0 0
130.293 3.77
-5951520 136481 551.89 654.54
-5939010 133412 553.53 656.52
94 1168 0 0
0 0
130.293 3.77
-5934683 183449 557.47 653.82
-5922145 180503 559.05 655.86
95 1370 0 20
0 0
130.293 3.77
-6168542 118881 595.30 617.04
-6156066 115682 597.08 618.87
96 1099 0 0
0 0
130.293 3.77
-5930987 110117 553.55 658.81
-5918492 106991 555.22 660.75
97 1246 0 0
0 0
130.293 3.77
-5926272 16271 551.93 661.80
-5913836 12919 553.71 663.61
98 390 0 156
0 0
130.293 3.77
-5685626 -361272 603.73 610.91
-5673406 -365343 605.89 612.28
99 1114 0 0
0 0
130.293 3.77
-5921047 152872 557.27 657.97
-5908526 149854 558.89 659.97
100 376 0 157
0 0
130.293 3.77
-5677536 -304796 601.64 615.34
-5665276 -308744 603.58 616.95
101 1131 0 0
0 0
130.293 3.77
-5913068 251998 567.57 649.97
-5900490 249228 569.04 652.14
102 1144 0 0
0 0
130.293 3.77
-5902107 74135 556.42 664.28
-5889632 70932 558.14 666.18
103 1095 0 0
0 0
130.293 3.77
-5901688 25271 555.55 665.28
-5889243 21951 557.32 667.11
104 1250 0 0
0 0
130.293 3.77
-5901404 -31915 555.67 665.25
-5888996 -35371 557.50 667.00
105 365 0 159
0 0
130.293 3.77
-5660256 -252688 602.44 619.54
-5647958 -256516 604.32 621.21
106 1326 0 0
0 0
130.293 3.77
-5895865 3624 556.27 666.24
-5883433 255 558.07 668.04
107 1372 0 24
0 0
130.293 3.77
-6128150 207644 602.42 621.59
-6115612 204695 604.18 623.46
108 1282 0 0
0 0
130.293 3.77
-5889999 -36581 557.37 666.83
-5877593 -40043 559.22 668.58
109 1281 0 0
0 0
130.293 3.77
-5889814 -70928 558.11 666.15
-5877430 -74471 560.00 667.84
110 1324 0 0
0 0
130.293 3.77
-5887067 -10629 557.57 667.49
-5874644 -14028 559.38 669.27
111 1167 0 0
0 0
130.293 3.77
-5886694 13977 557.63 667.53
-5874255 10636 559.42 669.34
112 377 0 160
0 0
130.293 3.77
-5646687 -258690 604.56 621.34
-5634390 -262524 606.45 623.01
113 1112 0 0
0 0
130.293 3.77
-5882302 226902 569.08 657.35
-5869735 224078 570.59 659.47
114 1335 0 0
0 0
130.293 3.77
-5876601 -122778 562.00 666.08
-5864250 -126434 563.96 667.68
115 364 0 163
0 0
130.293 3.77
-5635916 -277219 606.67 622.34
-5623630 -281086 608.57 623.99
116 258 0 0
0 0
130.293 3.77
-5872215 -183899 566.54 662.81
-5859907 -187693 568.62 664.28
117 1745 0 0
0 0
130.293 3.77
-5866168 -359491 597.53 633.57
-5853986 -363673 601.14 633.48
118 1106 0 0
0 0
130.293 3.77
-5871033 8680 559.88 669.81
-5858595 5333 561.66 671.62
119 296 0 0
0 0
130.293 3.77
-5868623 -224241 570.77 659.61
-5856342 -228124 572.96 660.97
120 1392 0 26
0 0
130.293 3.77
-6104798 124656 604.57 626.19
-6092311 121498 606.35 628.03
121 1160 0 0
0 0
130.293 3.77
-5860285 312233 584.97 647.82
-5847671 309625 586.26 650.18
122 1124 0 0
0 0
130.293 3.77
-5859569 324212 587.72 645.28
-5846949 321634 588.95 647.70
123 1125 0 0
0 0
130.293 3.77
-5854724 238406 574.35 660.05
-5842149 235618 575.84 662.19
124 75 0 0
0 0
130.293 3.77
-5838727 -159262 569.58 669.45
-5826396 -162982 571.61 670.98
125 1259 0 0
0 0
130.293 3.77
-5831205 188139 572.81 668.39
-5818656 185236 574.39 670.44
126 1389 0 28
0 0
130.293 3.77
-6062879 174859 611.28 631.60
-6050356 171847 613.04 633.46
127 1105 0 0
0 0
130.293 3.77
-5822296 58538 567.56 676.22
-5809822 55329 569.29 678.09
128 1376 0 29
0 0
130.293 3.77
-6054637 182679 612.60 632.66
-6042108 179691 614.36 634.52
129 1398 0 32
0 0
130.293 3.77
-6039248 197490 615.08 634.63
-6026709 194545 616.84 636.50
130 1141 0 0
0 0
130.293 3.77
-5801221 48400 570.40 679.47
-5788752 45175 572.14 681.33
131 1360 0 33
0 0
130.293 3.77
-6023666 8173 615.67 638.54
-6011247 4756 617.46 640.34
132 76 0 0
0 0
130.293 3.77
-5779629 -302670 594.73 661.37
-5767387 -306673 597.27 662.37
133 1408 0 34
0 0
130.293 3.77
-6013984 -74887 617.29 639.72
-6001622 -78502 619.10 641.48
134 91 0 0
0 0
130.293 3.77
-5761023 -307839 598.42 663.06
-5748781 -311843 601.01 664.01
135 1119 0 0
0 0
130.293 3.77
-5760005 132179 579.33 682.45
-5747483 129164 580.98 684.41
136 70 0 0
0 0
130.293 3.77
-5725519 -284553 599.37 672.37
-5713254 -288486 601.79 673.49
137 1331 0 0
0 0
130.293 3.77
-5716274 188591 589.45 684.96
-5703718 185721 591.03 687.01
138 1132 0 0
0 0
130.293 3.77
-5705228 276882 601.09 676.52
-5692626 274222 602.51 678.74
139 1407 0 45
0 0
130.293 3.77
-5941268 233479 629.98 648.04
-5928702 230655 631.73 649.93
140 1406 0 47
0 0
130.293 3.77
-5928646 143944 630.25 651.42
-5916130 140902 632.02 653.27
141 1378 0 51
0 0
130.293 3.77
-5888074 157071 636.28 657.12
-5875548 154075 638.05 658.97
142 73 0 0
0 0
130.293 3.77
-5648455 -181092 598.65 695.36
-5636109 -184762 600.73 696.85
143 1400 0 53
0 0
130.293 3.77
-5876296 -32949 637.00 659.80
-5863886 -36395 638.81 661.58
144 1403 0 55
0 0
130.293 3.77
-5864780 90116 638.95 661.18
-5852291 86966 640.73 663.00
145 1361 0 56
0 0
130.293 3.77
-5858836 121225 640.08 661.77
-5846328 118152 641.86 663.60
146 1367 0 57
0 0
130.293 3.77
-5855466 228384 642.26 660.56
-5842896 225572 644.01 662.44
147 145 0 0
0 0
130.293 3.77
-5587067 -181170 607.53 704.22
-5574712 -184810 609.60 705.72
148 93 0 0
0 0
130.293 3.77
-5564222 -125039 607.25 711.10
-5551830 -128550 609.22 712.71
149 1410 0 72
0 0
130.293 3.77
-5793691 139361 649.69 670.98
-5781167 136353 651.47 672.82
150 313 0 0
0 0
130.293 3.77
-5553206 -14986 605.83 715.70
-5540749 -18258 607.65 717.48
151 297 0 0
0 0
130.293 3.77
-5546518 -189602 614.07 709.40
-5534162 -193240 616.16 710.88
152 7 0 0
0 0
130.293 3.77
-5544104 -271152 623.51 700.65
-5531799 -274957 625.86 701.87
153 2 0 0
0 0
130.293 3.77
-5495199 -7720 614.18 724.12
-5482732 -10956 616.00 725.91
154 318 0 0
0 0
130.293 3.77
-5489663 -44809 615.36 724.54
-5477216 -48121 617.21 726.28
155 51 0 0
0 0
130.293 3.77
-5468438 -334006 646.68 699.35
-5456160 -337897 649.51 700.07
156 390 0 98
0 0
130.293 3.77
-5685626 -361272 672.36 679.54
-5673406 -365343 674.52 680.91
157 376 0 100
0 0
130.293 3.77
-5677536 -304796 670.27 683.96
-5665276 -308744 672.20 685.57
158 21 0 0
0 0
130.293 3.77
-5424439 -291530 644.04 714.70
-5412127 -295314 646.49 715.82
159 365 0 105
0 0
130.293 3.77
-5660256 -252688 671.06 688.17
-5647958 -256516 672.94 689.84
160 377 0 112
0 0
130.293 3.77
-5646687 -258690 673.19 689.96
-5634390 -262524 675.07 691.63
161 20 0 0
0 0
130.293 3.77
-5396016 -373055 672.66 694.30
-5383749 -376983 677.79 692.71
162 2472 0 0
0 0
699.77 10.57
-5389327 -364302 668.58 700.32
-5354879 -375276 680.34 698.51
163 364 0 115
0 0
130.293 3.77
-5635916 -277219 675.30 690.97
-5623630 -281086 677.20 692.62
164 315 0 0
0 0
130.293 3.77
-5391801 -106539 631.31 736.87
-5379378 -109940 633.25 738.51
165 2472 0 0
0 0
530.611 8.73
-5376548 -343710 662.71 709.88
-5348095 -352776 669.80 711.01
166 2439 0 0
0 0
27.0062 3.52
-5349748 -10399 635.21 745.12
-5338099 -13470 636.91 746.79
167 256 0 0
0 0
130.293 3.77
-5348132 -222362 645.79 735.01
-5335769 -225974 647.96 736.41
168 150 0 0
0 0
130.293 3.77
-5346038 -123711 638.71 742.69
-5333620 -127128 640.68 744.31
169 385 0 200
0 0
130.293 3.77
-5105976 -199783 681.34 700.81
-5093571 -203250 683.20 702.54
170 2439 0 0
0 0
551.755 12.90
-5352408 -34010 635.03 744.54
-5309733 -45269 641.36 750.53
171 2439 0 0
0 0
664.671 11.19
-5345913 -60038 636.43 745.00
-5308924 -69800 642.02 750.10
172 2439 0 0
0 0
317.498 9.47
-5339421 -86067 638.11 745.21
-5308117 -94330 642.92 749.44
173 120 0 0
0 0
130.293 3.77
-5306880 -205498 650.09 742.63
-5294502 -209059 652.21 744.08
174 132 0 0
0 0
130.293 3.77
-5288765 -333150 672.42 725.53
-5276457 -336946 675.21 726.29
175 2359 0 0
0 0
10.7022 1.91
-5240642 -307044 673.46 738.40
-5234382 -308872 674.73 738.94
176 23 0 0
0 0
130.293 3.77
-5230233 -271167 668.87 746.00
-5217881 -274819 671.20 747.24
177 2359 0 0
0 0
374.577 10.87
-5232238 -285028 670.73 743.56
-5196571 -295449 677.65 746.94
178 319 0 0
0 0
130.293 3.77
-5219940 -286458 672.74 745.10
-5207596 -290134 675.14 746.27
179 2359 0 0
0 0
862.835 14.83
-5216265 -265220 670.03 748.87
-5167590 -279450 679.17 753.79
180 2359 0 0
0 0
925.688 15.26
-5200267 -245415 669.75 753.77
-5150162 -260071 678.87 759.13
181 2359 0 0
0 0
353.538 12.16
-5172764 -228981 671.83 759.64
-5132847 -240666 678.92 764.08
182 967 0 211
0 0
130.293 3.77
-4942631 -75126 712.52 725.98
-4930151 -78313 714.34 727.77
183 122 0 0
0 0
130.293 3.77
-5145146 -146187 668.97 770.48
-5132719 -149570 670.97 772.07
184 2594 0 0
0 0
187.242 5.46
-5074220 -374847 720.53 739.41
-5056301 -380128 730.12 735.00
185 2594 0 0
0 0
313.523 8.89
-5096898 -319129 696.76 756.63
-5067729 -327722 702.98 758.84
186 941 0 217
0 0
130.293 3.77
-4888921 138213 720.62 733.40
-4876347 135422 722.41 735.24
187 2594 0 0
0 0
389.418 5.96
-5065884 -352803 710.59 751.76
-5046347 -358562 715.60 752.39
188 2594 0 0
0 0
1662.95 28.82
-5090637 -296494 693.15 762.05
-4996085 -324376 712.52 769.99
189 2594 0 0
0 0
374.29 5.77
-5055315 -331419 705.70 759.71
-5036395 -336997 709.91 760.96
190 948 0 221
0 0
130.293 3.77
-4841400 -169679 727.73 740.01
-4828955 -172998 729.56 741.78
191 2594 0 0
0 0
929.377 17.69
-5058328 -281521 695.29 769.25
-5000301 -298639 706.59 774.71
192 946 0 222
0 0
130.293 3.77
-4836705 -349472 731.84 737.27
-4824344 -353090 733.78 738.89
193 2594 0 0
0 0
490.323 10.20
-5040780 -262190 694.97 774.64
-5007309 -272066 701.21 778.07
194 2594 0 0
0 0
277.672 7.07
-5037500 -238645 692.46 778.09
-5014293 -245492 696.63 780.63
195 25 0 0
0 0
130.293 3.77
-5004837 -246011 698.06 781.93
-4992444 -249522 700.29 783.28
196 135 0 0
0 0
130.293 3.77
-4984707 -152580 692.55 793.26
-4972267 -155918 694.56 794.84
197 856 0 0
0 0
130.293 3.77
-4960343 -354762 726.55 766.30
-4948000 -358443 729.76 766.65
198 906 0 0
0 0
130.293 3.77
-4947764 23822 693.38 803.10
-4935240 20812 695.16 804.93
199 827 0 0
0 0
130.293 3.77
-4892716 111528 703.64 808.74
-4880153 108688 705.33 810.68
200 385 0 169
0 0
130.293 3.77
-5105976 -199783 749.96 769.42
-5093571 -203250 751.81 771.15
201 761 0 0
0 0
130.293 3.77
-4862963 346582 737.80 783.18
-4850310 344173 738.88 785.76
202 822 0 0
0 0
130.293 3.77
-4856708 -68527 707.33 815.46
-4844219 -71676 709.22 817.18
203 757 0 0
0 0
130.293 3.77
-4848773 79093 708.77 816.30
-4836221 76204 710.50 818.20
204 881 0 0
0 0
130.293 3.77
-4835723 -9192 709.48 819.37
-4823207 -12232 711.30 821.17
205 903 0 0
0 0
130.293 3.77
-4827825 145809 714.80 816.33
-4815245 143043 716.45 818.31
206 1695 0 256
0 0
130.293 3.77
-4573048 240649 762.75 773.38
-4560427 238078 764.54 775.24
207 826 0 0
0 0
130.293 3.77
-4763485 365800 759.73 789.99
-4750824 363432 760.41 792.97
208 828 0 0
0 0
130.293 3.77
-4743817 -252777 736.62 818.78
-4731400 -256200 738.86 820.13
209 957 0 257
0 0
130.293 3.77
-4535796 115736 771.49 784.56
-4523218 112965 773.29 786.39
210 821 0 0
0 0
130.293 3.77
-4739455 -275495 740.42 816.24
-4727048 -278955 742.74 817.50
211 967 0 182
0 0
130.293 3.77
-4942631 -75126 771.99 785.44
-4930151 -78313 773.80 787.23
212 792 0 0
0 0
130.293 3.77
-4739335 363932 762.30 794.39
-4726675 361561 763.05 797.30
213 949 0 259
0 0
130.293 3.77
-4514722 34142 774.23 787.90
-4502173 31243 776.04 789.71
214 835 0 0
0 0
130.293 3.77
-4712783 -133016 730.69 833.68
-4700311 -136233 732.67 835.30
215 817 0 0
0 0
130.293 3.77
-4707297 -315426 752.24 813.71
-4694905 -318937 754.79 814.74
216 1669 0 0
0 0
130.293 3.77
-4699856 312308 752.65 815.45
-4687213 309849 753.97 817.78
217 941 0 186
0 0
130.293 3.77
-4888921 138213 780.08 792.86
-4876347 135422 781.87 794.70
218 806 0 0
0 0
130.293 3.77
-4661901 -253943 748.60 830.46
-4649477 -257340 750.84 831.81
219 960 0 265
0 0
130.293 3.77
-4456399 -102359 782.88 796.10
-4443897 -105458 784.70 797.89
220 759 0 0
0 0
130.293 3.77
-4647389 -34868 736.90 846.36
-4634873 -37906 738.75 848.12
221 948 0 190
0 0
130.293 3.77
-4841400 -169679 787.19 799.47
-4828955 -172998 789.02 801.24
222 946 0 192
0 0
130.293 3.77
-4836705 -349472 791.30 796.73
-4824344 -353090 793.24 798.35
223 961 0 270
0 0
130.293 3.77
-4424106 80965 787.45 800.86
-4411536 78156 789.26 802.68
224 1675 0 0
0 0
130.293 3.77
-4626920 329980 767.22 821.95
-4614271 327556 768.44 824.38
225 809 0 0
0 0
130.293 3.77
-4619957 40190 740.94 850.24
-4607410 37281 742.71 852.10
226 888 0 0
0 0
130.293 3.77
-4618773 -59140 741.47 850.05
-4606264 -62210 743.35 851.79
227 1687 0 0
0 0
130.293 3.77
-4606432 302795 764.26 830.83
-4593791 300325 765.62 833.12
228 847 0 0
0 0
130.293 3.77
-4604255 -68811 743.80 851.91
-4591749 -71894 745.69 853.64
229 951 0 272
0 0
130.293 3.77
-4380676 -185681 794.44 806.41
-4368201 -188886 796.27 808.18
230 1693 0 274
0 0
130.293 3.77
-4336618 276769 797.51 806.92
-4323982 274274 799.29 808.80
231 782 0 0
0 0
130.293 3.77
-4566181 -80111 749.63 857.09
-4553677 -83202 751.53 858.79
232 920 0 0
0 0
130.293 3.77
-4543092 -74636 752.80 860.58
-4530585 -77713 754.70 862.30
233 868 0 0
0 0
130.293 3.77
-4514742 -318978 780.82 840.75
-4502332 -322425 783.40 841.76
234 947 0 273
0 0
130.293 3.77
-4308484 -48139 804.05 817.66
-4295954 -51123 805.87 819.46
235 851 0 0
0 0
130.293 3.77
-4513839 39756 756.26 865.58
-4501287 36866 758.03 867.43
236 756 0 0
0 0
130.293 3.77
-4508909 -219848 766.77 856.49
-4496458 -223142 768.91 857.94
237 849 0 0
0 0
130.293 3.77
-4504354 -145903 761.53 863.05
-4491872 -149082 763.53 864.66
238 775 0 0
0 0
130.293 3.77
-4493756 180371 765.43 862.21
-4481154 177710 767.04 864.24
239 1688 0 0
0 0
130.293 3.77
-4486704 285310 778.48 851.20
-4474068 282819 779.90 853.43
240 2598 0 0
0 0
71.4284 8.37
-4465738 -366172 802.93 832.81
-4438136 -373748 811.54 832.16
241 1685 0 0
0 0
130.293 3.77
-4463553 360762 800.71 835.65
-4450892 358395 801.55 838.47
242 2598 0 0
0 0
1185.63 22.69
-4451562 -345713 796.96 842.87
-4376725 -366266 815.83 845.61
243 2598 0 0
0 0
1957.44 26.88
-4454382 -320560 789.90 849.11
-4365736 -344908 809.10 855.52
244 848 0 0
0 0
130.293 3.77
-4430029 -272966 784.74 861.31
-4417592 -276315 787.04 862.60
245 1663 0 0
0 0
130.293 3.77
-4431157 294196 788.01 857.71
-4418516 291723 789.40 859.97
246 2598 0 0
0 0
1826.06 26.41
-4441853 -299628 787.44 855.19
-4354769 -323552 804.97 862.81
247 825 0 0
0 0
130.293 3.77
-4411779 -305104 792.82 858.50
-4399353 -308494 795.28 859.63
248 801 0 0
0 0
130.293 3.77
-4413453 -93634 772.15 878.68
-4400946 -96709 774.07 880.38
249 789 0 0
0 0
130.293 3.77
-4409615 85720 772.43 879.52
-4397043 82921 774.15 881.42
250 2598 0 0
0 0
665.048 16.13
-4418190 -281751 787.80 861.67
-4365000 -296366 797.95 866.88
251 798 0 0
0 0
130.293 3.77
-4387856 129152 777.42 880.81
-4375268 126423 779.10 882.77
252 913 0 0
0 0
130.293 3.77
-4380118 -38357 775.56 884.91
-4367589 -41340 777.41 886.67
253 816 0 0
0 0
130.293 3.77
-4367370 -246378 790.19 873.95
-4354918 -249668 792.40 875.34
254 2598 0 0
0 0
81.5954 3.63
-4356605 -298708 799.59 867.67
-4344644 -301997 801.92 868.79
255 1678 0 0
0 0
130.293 3.77
-4349728 297401 800.34 868.90
-4337085 294937 801.73 871.17
256 1695 0 206
0 0
130.293 3.77
-4573048 240649 831.35 841.98
-4560427 238078 833.14 843.84
257 957 0 209
0 0
130.293 3.77
-4535796 115736 830.94 844.01
-4523218 112965 832.74 845.84
258 780 0 0
0 0
130.293 3.77
-4319805 -253246 797.93 879.96
-4307351 -256531 800.15 881.33
259 949 0 213
0 0
130.293 3.77
-4514722 34142 833.69 847.35
-4502173 31243 835.49 849.17
260 917 0 0
0 0
130.293 3.77
-4268468 -264759 806.89 885.83
-4256015 -268046 809.15 887.16
261 819 0 0
0 0
130.293 3.77
-4263708 -297714 812.82 881.27
-4251266 -301046 815.23 882.45
262 932 0 0
0 0
130.293 3.77
-4258296 122714 795.81 899.84
-4245707 119992 797.49 901.79
263 862 0 0
0 0
130.293 3.77
-4251562 53482 794.39 903.21
-4238995 50658 796.15 905.08
264 2542 0 0
0 0
180.328 9.50
-4260758 34196 792.74 902.20
-4229116 26865 797.22 906.86
265 960 0 219
0 0
130.293 3.77
-4456399 -102359 842.33 855.55
-4443897 -105458 844.16 857.34
266 895 0 0
0 0
130.293 3.77
-4243982 38901 795.23 904.56
-4231420 36058 797.00 906.41
267 2542 0 0
0 0
878.657 15.41
-4257394 9288 793.02 902.89
-4206045 -2617 800.42 910.33
268 2542 0 0
0 0
755.56 11.41
-4249381 -16703 794.21 904.01
-4211364 -25518 799.77 909.43
269 871 0 0
0 0
130.293 3.77
-4218881 131492 801.95 905.09
-4206288 128787 803.63 907.05
270 961 0 223
0 0
130.293 3.77
-4424106 80965 846.90 860.31
-4411536 78156 848.71 862.13
271 796 0 0
0 0
130.293 3.77
-4180357 49212 804.59 913.57
-4167790 46393 806.36 915.44
272 951 0 229
0 0
130.293 3.77
-4380676 -185681 853.89 865.86
-4368201 -188886 855.72 867.63
273 947 0 234
0 0
130.293 3.77
-4308484 -48139 863.50 877.11
-4295954 -51123 865.32 878.91
274 1693 0 230
0 0
130.293 3.77
-4336618 276769 866.11 875.52
-4323982 274274 867.88 877.39
275 2496 0 0
0 0
84.8667 5.37
-4101169 -31699 815.76 925.28
-4083262 -35797 818.40 927.81
276 1615 0 0
0 0
130.293 3.77
-4083716 -1038 818.09 927.99
-4071161 -3912 819.90 929.80
277 2496 0 0
0 0
513.899 11.44
-4089749 -10193 817.24 927.10
-4051596 -18934 822.80 932.56
278 1048 0 0
0 0
130.293 3.77
-4050821 -376873 870.22 885.36
-4038390 -380245 877.56 881.61
279 2496 0 0
0 0
406.569 8.36
-4074202 10365 819.48 929.34
-4046349 3979 823.49 933.38
280 2361 0 0
0 0
829.406 12.78
-4030548 -346248 857.93 903.50
-3988335 -357641 868.05 905.57
281 2361 0 0
0 0
29.4542 3.20
-4026012 -323114 852.35 910.39
-4015446 -325965 854.55 911.25
282 1624 0 0
0 0
130.293 3.77
-4012560 21807 828.46 938.17
-3999995 18975 830.25 940.01
283 2361 0 0
0 0
58.5674 2.93
-3994160 -331733 859.06 912.89
-3984478 -334347 861.14 913.60
284 1646 0 294
0 0
130.293 3.77
-3690766 12278 884.07 906.92
-3678194 9478 885.88 908.74
285 1621 0 0
0 0
130.293 3.77
-3874765 -77598 849.42 957.01
-3862225 -80539 851.32 958.73
286 1613 0 0
0 0
130.293 3.77
-3858576 43777 850.97 960.13
-3846000 40995 852.74 962.00
287 1620 0 0
0 0
130.293 3.77
-3739914 23203 867.84 977.53
-3727341 20410 869.64 979.37
288 1612 0 0
0 0
130.293 3.77
-3714071 -40220 871.78 981.06
-3701514 -43087 873.64 982.82
289 2452 0 0
0 0
1212.96 17.94
-3647957 -338648 910.91 961.02
-3588562 -354019 924.40 964.68
290 2452 0 0
0 0
754.123 12.23
-3626124 -320021 909.40 968.84
-3585624 -330503 917.74 972.19
291 2452 0 0
0 0
257.049 6.53
-3604290 -301394 908.73 975.81
-3582684 -306986 912.93 977.85
292 2452 0 0
0 0
641.485 11.60
-3582359 -355658 925.91 964.97
-3543962 -365600 935.76 966.21
293 2452 0 0
0 0
105.545 4.36
-3568808 -334882 921.31 973.48
-3554376 -338620 924.42 974.54
294 1646 0 284
0 0
130.293 3.77
-3690766 12278 952.65 975.50
-3678194 9478 954.46 977.32
295 1580 0 0
0 0
130.293 3.77
-3376281 75401 921.34 1029.04
-3363686 72707 923.09 1030.94
