2 27 22 180 23510 
375 534
0 0 0
6 40000 130.293 0 0
15 40000 130.293 0 0
17 40000 130.293 0 0
28 40000 130.293 0 0
34 40000 130.293 0 0
38 40000 130.293 0 0
48 40000 130.293 0 0
56 40000 130.293 0 0
60 40000 130.293 0 0
61 40000 130.293 0 0
67 40000 130.293 0 0
77 40000 130.293 0 0
79 40000 130.293 0 0
82 40000 130.293 0 0
86 40000 130.293 0 0
90 40000 130.293 0 0
103 40000 130.293 0 0
129 40000 130.293 0 0
138 40000 130.293 0 0
147 40000 130.293 0 0
148 40000 130.293 0 0
189 40000 130.293 0 0
191 40000 130.293 0 0
192 40000 130.293 0 0
193 40000 130.293 0 0
194 40000 130.293 0 0
195 40000 130.293 0 0
196 40000 130.293 0 0
211 40000 130.293 0 0
212 40000 130.293 0 0
213 40000 130.293 0 0
314 40000 130.293 0 0
323 40000 130.293 0 0
328 40000 130.293 0 1
332 40000 130.293 0 1
333 40000 130.293 0 1
343 40000 130.293 0 1
344 40000 130.293 0 1
349 40000 130.293 0 1
350 40000 130.293 0 1
352 40000 130.293 0 1
359 40000 130.293 0 1
360 40000 130.293 0 1
373 40000 130.293 0 1
378 40000 130.293 0 1
387 40000 130.293 0 1
477 40000 130.293 0 0
478 40000 130.293 0 0
479 40000 130.293 0 0
480 40000 130.293 0 0
481 40000 130.293 0 0
482 40000 130.293 0 0
483 40000 130.293 0 0
484 40000 130.293 0 0
485 40000 130.293 0 0
486 40000 130.293 0 0
487 40000 130.293 0 0
488 40000 130.293 0 0
489 40000 130.293 0 0
490 40000 130.293 0 0
492 40000 130.293 0 0
495 40000 130.293 0 0
496 40000 130.293 0 0
497 40000 130.293 0 0
499 40000 130.293 0 0
502 40000 130.293 0 0
504 40000 130.293 0 0
506 40000 130.293 0 0
507 40000 130.293 0 0
508 40000 130.293 0 0
509 40000 130.293 0 0
510 40000 130.293 0 0
511 40000 130.293 0 0
512 40000 130.293 0 0
513 40000 130.293 0 0
514 40000 130.293 0 0
515 40000 130.293 0 0
516 40000 130.293 0 0
517 40000 130.293 0 0
518 40000 130.293 0 0
519 40000 130.293 0 0
520 40000 130.293 0 0
521 40000 130.293 0 0
523 40000 130.293 0 0
526 40000 130.293 0 0
527 40000 130.293 0 0
528 40000 130.293 0 0
529 40000 130.293 0 0
530 40000 130.293 0 0
531 40000 130.293 0 0
532 40000 130.293 0 0
533 40000 130.293 0 0
534 40000 130.293 0 0
535 40000 130.293 0 0
536 40000 130.293 0 0
537 40000 130.293 0 0
539 40000 130.293 0 0
540 40000 130.293 0 0
541 40000 130.293 0 0
543 40000 130.293 0 0
546 40000 130.293 0 0
547 40000 130.293 0 0
548 40000 130.293 0 0
549 40000 130.293 0 0
550 40000 130.293 0 0
551 40000 130.293 0 0
552 40000 130.293 0 0
553 40000 130.293 0 0
554 40000 130.293 0 0
555 40000 130.293 0 0
556 40000 130.293 0 0
557 40000 130.293 0 0
559 40000 130.293 0 0
560 40000 130.293 0 0
561 40000 130.293 0 0
562 40000 130.293 0 0
563 40000 130.293 0 0
565 40000 130.293 0 0
567 40000 130.293 0 0
568 40000 130.293 0 0
569 40000 130.293 0 0
570 40000 130.293 0 0
574 40000 130.293 0 0
576 40000 130.293 0 0
579 40000 130.293 0 0
581 40000 130.293 0 0
583 40000 130.293 0 0
592 40000 130.293 0 0
593 40000 130.293 0 0
594 40000 130.293 0 0
597 40000 130.293 0 0
598 40000 130.293 0 0
599 40000 130.293 0 0
601 40000 130.293 0 0
603 40000 130.293 0 0
606 40000 130.293 0 0
608 40000 130.293 0 0
612 40000 130.293 0 0
617 40000 130.293 0 0
619 40000 130.293 0 0
622 40000 130.293 0 0
623 40000 130.293 0 0
624 40000 130.293 0 0
627 40000 130.293 0 0
631 40000 130.293 0 0
634 40000 130.293 0 0
635 40000 130.293 0 0
637 40000 130.293 0 0
640 40000 130.293 0 0
641 40000 130.293 0 0
645 40000 130.293 0 0
652 40000 130.293 0 0
653 40000 130.293 0 0
658 40000 130.293 0 0
659 40000 130.293 0 0
660 40000 130.293 0 0
669 40000 130.293 0 0
671 40000 130.293 0 0
672 40000 130.293 0 0
673 40000 130.293 0 0
675 40000 130.293 0 0
678 40000 130.293 0 0
679 40000 130.293 0 0
681 40000 130.293 0 0
682 40000 130.293 0 0
683 40000 130.293 0 0
684 40000 130.293 0 0
685 40000 130.293 0 0
686 40000 130.293 0 0
688 40000 130.293 0 0
689 40000 130.293 0 0
690 40000 130.293 0 0
692 40000 130.293 0 0
694 40000 130.293 0 0
696 40000 130.293 0 1
698 40000 130.293 0 1
701 40000 130.293 0 1
713 40000 130.293 0 1
719 40000 130.293 0 1
720 40000 130.293 0 1
727 40000 130.293 0 1
734 40000 130.293 0 1
736 40000 130.293 0 1
744 40000 130.293 0 1
748 40000 130.293 0 1
755 40000 130.293 0 1
763 40000 130.293 0 0
766 40000 130.293 0 0
769 40000 130.293 0 0
774 40000 130.293 0 0
779 40000 130.293 0 0
781 40000 130.293 0 0
787 40000 130.293 0 0
790 40000 130.293 0 0
791 40000 130.293 0 0
832 40000 130.293 0 0
840 40000 130.293 0 0
843 40000 130.293 0 0
845 40000 130.293 0 0
853 40000 130.293 0 0
855 40000 130.293 0 0
869 40000 130.293 0 0
872 40000 130.293 0 0
876 40000 130.293 0 0
896 40000 130.293 0 0
907 40000 130.293 0 0
908 40000 130.293 0 0
909 40000 130.293 0 0
922 40000 130.293 0 0
926 40000 130.293 0 0
927 40000 130.293 0 0
930 40000 130.293 0 0
939 40000 130.293 0 1
952 40000 130.293 0 1
969 40000 130.293 0 1
976 40000 130.293 0 0
983 40000 130.293 0 0
990 40000 130.293 0 0
1001 40000 130.293 0 0
1006 40000 130.293 0 0
1009 40000 130.293 0 0
1011 40000 130.293 0 0
1019 40000 130.293 0 0
1029 40000 130.293 0 0
1030 40000 130.293 0 0
1037 40000 130.293 0 0
1040 40000 130.293 0 0
1041 40000 130.293 0 0
1056 40000 130.293 0 0
1059 40000 130.293 0 0
1069 40000 130.293 0 0
1075 40000 130.293 0 1
1093 40000 130.293 0 1
1334 40000 130.293 0 0
1487 40000 130.293 0 0
1568 40000 130.293 0 1
1569 40000 130.293 0 1
1585 40000 130.293 0 0
1586 40000 130.293 0 0
1588 40000 130.293 0 0
1598 40000 130.293 0 0
1644 40000 130.293 0 1
1723 40000 130.293 0 0
1734 40000 130.293 0 0
1739 40000 130.293 0 0
1740 40000 130.293 0 0
1742 40000 130.293 0 0
1744 40000 130.293 0 0
1751 40000 130.293 0 0
1752 40000 130.293 0 0
1774 40000 130.293 0 0
1776 40000 130.293 0 0
1779 40000 130.293 0 0
1781 40000 130.293 0 1
1782 40000 130.293 0 1
1784 40000 130.293 0 1
1787 40000 130.293 0 1
1788 40000 130.293 0 1
1794 40000 130.293 0 1
1824 40000 130.293 0 0
1826 40000 130.293 0 0
1827 40000 130.293 0 0
1829 40000 130.293 0 0
1830 40000 130.293 0 0
1834 40000 130.293 0 0
1837 40000 130.293 0 0
1838 40000 130.293 0 0
1841 40000 130.293 0 0
1842 40000 130.293 0 0
1845 40000 130.293 0 0
1849 40000 130.293 0 0
1851 40000 130.293 0 0
1852 40000 130.293 0 0
1856 40000 130.293 0 0
1858 40000 130.293 0 0
1859 40000 130.293 0 0
1860 40000 130.293 0 0
1861 40000 130.293 0 0
1864 40000 130.293 0 0
1865 40000 130.293 0 0
1867 40000 130.293 0 0
1868 40000 130.293 0 0
1869 40000 130.293 0 0
1874 40000 130.293 0 1
1876 40000 130.293 0 1
1877 40000 130.293 0 1
1883 40000 130.293 0 0
1885 40000 130.293 0 0
1886 40000 130.293 0 0
1891 40000 130.293 0 0
1893 40000 130.293 0 0
1894 40000 130.293 0 0
1896 40000 130.293 0 0
1898 40000 130.293 0 1
1899 40000 130.293 0 1
1900 40000 130.293 0 1
1998 40000 130.293 0 0
2100 40000 130.293 0 0
2101 40000 130.293 0 0
2102 40000 130.293 0 0
2103 40000 130.293 0 0
2104 40000 130.293 0 0
2105 40000 130.293 0 0
2106 40000 130.293 0 0
2107 40000 130.293 0 0
2108 40000 130.293 0 0
2109 40000 130.293 0 0
2110 40000 130.293 0 0
2111 40000 130.293 0 0
2112 40000 130.293 0 0
2113 40000 130.293 0 0
2114 40000 130.293 0 0
2129 40000 130.293 0 0
2130 40000 130.293 0 0
2131 40000 130.293 0 0
2132 40000 130.293 0 0
2133 40000 130.293 0 0
2134 40000 130.293 0 0
2135 40000 130.293 0 0
2136 40000 130.293 0 0
2137 40000 130.293 0 0
2138 40000 130.293 0 0
2139 40000 130.293 0 0
2142 40000 130.293 0 0
2143 40000 130.293 0 0
2144 40000 130.293 0 0
2145 40000 130.293 0 0
2146 40000 130.293 0 0
2147 40000 130.293 0 0
2148 40000 130.293 0 0
2149 40000 130.293 0 0
2150 40000 130.293 0 0
2152 40000 130.293 0 1
2154 40000 130.293 0 1
2155 40000 130.293 0 1
2156 40000 130.293 0 1
2158 40000 130.293 0 1
2159 40000 130.293 0 1
2160 40000 130.293 0 1
2161 40000 130.293 0 1
2162 40000 130.293 0 1
2163 40000 130.293 0 1
2164 40000 130.293 0 1
2165 40000 130.293 0 1
2166 40000 130.293 0 1
2167 40000 130.293 0 1
2343 50000 2333.96 2 0
2344 50000 597.547 2 0
2350 50000 1860.2 2 0
2355 50000 2200.68 2 0
2367 50000 1075.32 2 0
2377 50000 3245.15 2 0
2390 50000 4389.63 2 0
2395 50000 1375.62 2 0
2409 50000 1438.08 2 0
2410 50000 3697.32 2 0
2411 50000 2225.26 2 0
2423 50000 5536.59 2 0
2428 50000 2249.88 2 0
2433 50000 4274.9 2 0
2435 50000 1203.34 2 0
2450 50000 2534.34 2 0
2451 50000 4757.49 2 0
2453 50000 2298.77 2 0
2488 50000 3607.69 2 0
2493 50000 3861.73 2 0
2501 50000 1642.1 2 0
2513 50000 2975.43 2 0
2515 50000 2900.51 2 0
2562 50000 4834.14 2 0
2570 50000 3170.42 2 1
2577 50000 1781.75 2 1
2585 50000 3423.43 2 1
2592 50000 3906.04 2 1
2595 50000 4651.78 2 0
1 2577 0 40
0 0
319.647 9.45
-6707787 98664 443.88 461.57
-6676661 90028 448.33 466.12
2 2577 0 44
0 0
840.605 18.67
-6695838 119773 445.76 463.14
-6634308 102666 454.53 472.16
3 2577 0 45
0 0
621.501 17.33
-6678529 139381 448.44 465.47
-6621416 123482 456.55 473.87
4 1899 0 47
0 0
130.293 3.77
-6595195 -135172 460.74 486.41
-6583002 -139322 462.56 488.12
5 1898 0 48
0 0
130.293 3.77
-6592369 -283587 464.83 483.14
-6580322 -288145 466.76 484.69
6 1876 0 50
0 0
130.293 3.77
-6586243 -14629 461.15 488.59
-6573936 -18427 462.94 490.36
7 1900 0 60
0 0
130.293 3.77
-6514221 -223342 474.17 496.40
-6502090 -227670 476.03 498.04
8 1829 0 0
0 0
130.293 3.77
-6757764 238732 443.86 529.52
-6745268 235609 445.31 531.68
9 1841 0 0
0 0
130.293 3.77
-6754768 138694 435.91 538.34
-6742357 135252 437.51 540.33
10 1842 0 0
0 0
130.293 3.77
-6718590 94368 439.07 545.63
-6706211 90809 440.73 547.55
11 1877 0 67
0 0
130.293 3.77
-6461289 -73414 479.46 506.40
-6449007 -77293 481.26 508.15
12 1886 0 0
0 0
130.293 3.77
-6700174 231333 451.35 538.68
-6687677 228215 452.81 540.83
13 1834 0 0
0 0
130.293 3.77
-6691138 -128175 444.54 548.11
-6678965 -132383 446.52 549.64
14 1885 0 0
0 0
130.293 3.77
-6674754 128999 446.95 550.43
-6662338 125575 448.57 552.40
15 1874 0 72
0 0
130.293 3.77
-6420651 53027 485.21 512.40
-6408256 49525 486.99 514.21
16 1896 0 0
0 0
130.293 3.77
-6663536 287268 464.25 536.38
-6650992 284345 465.58 538.67
17 1869 0 0
0 0
130.293 3.77
-6656740 -155405 451.09 551.49
-6644584 -159662 453.13 552.97
18 1830 0 0
0 0
130.293 3.77
-6657739 199388 454.31 547.99
-6645262 196192 455.83 550.08
19 1894 0 0
0 0
130.293 3.77
-6656264 103316 448.43 554.29
-6643867 99824 450.08 556.23
20 1891 0 0
0 0
130.293 3.77
-6639220 -118991 451.59 556.06
-6627023 -123130 453.55 557.63
21 1868 0 0
0 0
130.293 3.77
-6634663 -94777 451.22 557.75
-6622441 -98843 453.14 559.36
22 1837 0 0
0 0
130.293 3.77
-6624874 -144303 455.01 556.79
-6612698 -148503 457.02 558.29
23 2344 0 0
0 0
150.305 4.67
-6622932 -168061 456.84 555.52
-6607825 -173279 459.40 557.33
24 1849 0 0
0 0
130.293 3.77
-6622853 257795 465.74 546.64
-6610326 254797 467.16 548.85
25 2344 0 0
0 0
70.0294 2.57
-6612362 -121971 455.61 559.80
-6604053 -124842 456.96 560.86
26 2344 0 0
0 0
377.213 12.21
-6617756 -144987 456.08 557.78
-6578276 -158633 462.64 562.62
27 2367 0 0
0 0
761.757 13.88
-6608016 -139962 457.19 559.48
-6563070 -155270 464.62 565.04
28 2367 0 0
0 0
313.565 11.63
-6605081 -116126 456.39 561.13
-6567428 -128949 462.46 565.94
29 1883 0 0
0 0
130.293 3.77
-6578848 -236956 469.52 555.58
-6566750 -241375 471.79 556.81
30 1826 0 0
0 0
130.293 3.77
-6573180 -305044 480.50 546.24
-6561149 -309642 483.15 547.07
31 1867 0 0
0 0
130.293 3.77
-6560347 -162184 465.48 564.98
-6548170 -166382 467.53 566.45
32 1856 0 0
0 0
130.293 3.77
-6521818 -7832 465.81 575.78
-6509492 -11568 467.61 577.55
33 1893 0 0
0 0
130.293 3.77
-6477710 -260254 487.05 567.29
-6465603 -264650 489.41 568.43
34 1845 0 0
0 0
130.293 3.77
-6459249 -9282 474.86 584.82
-6446912 -12982 476.66 586.58
35 1864 0 0
0 0
130.293 3.77
-6448239 -193705 484.09 578.76
-6436062 -197901 486.22 580.16
36 1860 0 0
0 0
130.293 3.77
-6446795 70288 477.59 585.69
-6434390 66820 479.29 587.57
37 1851 0 0
0 0
130.293 3.77
-6438389 -164922 483.29 582.41
-6426183 -169034 485.35 583.89
38 1865 0 0
0 0
130.293 3.77
-6432515 -238956 490.90 576.50
-6420375 -243260 493.17 577.74
39 1859 0 0
0 0
130.293 3.77
-6424337 -13040 479.92 589.84
-6411997 -16728 481.73 591.61
40 2577 0 1
0 0
319.647 9.45
-6707787 98664 526.26 543.94
-6676661 90028 530.71 548.50
41 1858 0 0
0 0
130.293 3.77
-6397979 -38271 483.98 593.41
-6385654 -42013 485.82 595.13
42 1824 0 0
0 0
130.293 3.77
-6389549 -184411 491.81 588.01
-6377348 -188539 493.91 589.44
43 720 0 112
0 0
130.293 3.77
-6197089 -241768 536.74 543.80
-6184891 -245903 538.54 545.53
44 2577 0 2
0 0
840.605 18.67
-6695838 119773 528.14 545.52
-6634308 102666 536.91 554.54
45 2577 0 3
0 0
621.501 17.33
-6678529 139381 530.82 547.85
-6621416 123482 538.93 556.25
46 2395 0 0
0 0
36.3902 3.14
-6343250 -225742 502.33 590.87
-6333073 -229129 504.17 591.98
47 1899 0 4
0 0
130.293 3.77
-6595195 -135172 533.97 559.63
-6583002 -139322 535.79 561.34
48 1898 0 5
0 0
130.293 3.77
-6592369 -283587 538.06 556.36
-6580322 -288145 539.98 557.92
49 1838 0 0
0 0
130.293 3.77
-6332627 -92190 494.78 601.49
-6320335 -96035 496.70 603.13
50 1876 0 6
0 0
130.293 3.77
-6586243 -14629 534.38 561.81
-6573936 -18427 536.16 563.59
51 698 0 128
0 0
130.293 3.77
-6138529 -264488 545.44 552.02
-6126335 -268637 547.26 553.74
52 2395 0 0
0 0
403.199 9.10
-6333053 -204377 501.69 594.46
-6303515 -214214 506.90 597.79
53 1852 0 0
0 0
130.293 3.77
-6326613 -40871 494.33 603.68
-6314277 -44576 496.18 605.40
54 2395 0 0
0 0
531.079 8.39
-6324003 -182617 501.14 597.63
-6296781 -191687 505.81 600.82
55 2395 0 0
0 0
404.947 8.41
-6321928 -158530 499.69 599.68
-6294629 -167625 504.26 603.00
56 1827 0 0
0 0
130.293 3.77
-6301960 -47192 498.00 607.14
-6289625 -50899 499.86 608.85
57 1861 0 0
0 0
130.293 3.77
-6283830 -10826 500.22 610.16
-6271463 -14425 502.03 611.93
58 508 0 0
0 0
130.293 3.77
-6268365 -26889 502.57 612.28
-6256008 -30522 504.40 614.02
59 594 0 0
0 0
130.293 3.77
-6260063 -236256 515.52 601.73
-6247876 -240422 517.76 603.01
60 1900 0 7
0 0
130.293 3.77
-6514221 -223342 547.39 569.62
-6502090 -227670 549.26 571.26
61 696 0 152
0 0
130.293 3.77
-6059879 -112957 555.73 564.47
-6047552 -116690 557.53 566.24
62 489 0 0
0 0
130.293 3.77
-6241218 -245977 519.39 603.30
-6229034 -250154 521.67 604.55
63 701 0 153
0 0
130.293 3.77
-6053023 -116663 556.74 565.45
-6040697 -120401 558.53 567.21
64 506 0 0
0 0
130.293 3.77
-6227923 -64389 509.07 617.47
-6215588 -68096 510.95 619.15
65 593 0 0
0 0
130.293 3.77
-6222960 -207126 517.86 610.12
-6210739 -211193 520.01 611.50
66 592 0 0
0 0
130.293 3.77
-6207382 -159343 516.30 616.17
-6195119 -163280 518.34 617.68
67 1877 0 11
0 0
130.293 3.77
-6461289 -73414 552.68 579.62
-6449007 -77293 554.49 581.37
68 541 0 0
0 0
130.293 3.77
-6194242 -248240 526.46 609.81
-6182048 -252389 528.75 611.05
69 1781 0 206
0 0
130.293 3.77
-5965033 176017 561.12 577.35
-5952501 173042 562.89 579.19
70 529 0 0
0 0
130.293 3.77
-6177759 -89210 517.06 623.98
-6165435 -92952 518.98 625.62
71 597 0 0
0 0
130.293 3.77
-6168722 -128336 520.06 623.59
-6156427 -132170 522.04 625.17
72 1874 0 15
0 0
130.293 3.77
-6420651 53027 558.43 585.62
-6408256 49525 560.21 587.43
73 1787 0 211
0 0
130.293 3.77
-5941239 88423 563.77 581.57
-5928759 85240 565.56 583.39
74 659 0 0
0 0
130.293 3.77
-6162172 -31939 517.98 627.57
-6149801 -35526 519.81 629.31
75 598 0 0
0 0
130.293 3.77
-6156931 -144903 522.68 624.38
-6144645 -148772 524.69 625.92
76 689 0 0
0 0
130.293 3.77
-6148853 -83626 521.05 628.34
-6136519 -87337 522.96 630.00
77 484 0 0
0 0
130.293 3.77
-6144537 -291030 539.90 610.74
-6132367 -295247 542.39 611.77
78 748 0 213
0 0
130.293 3.77
-5925229 -80466 566.04 583.93
-5912857 -84048 567.85 585.70
79 675 0 0
0 0
130.293 3.77
-6139555 -71232 522.02 630.06
-6127211 -74907 523.91 631.74
80 669 0 0
0 0
130.293 3.77
-6136419 -226490 532.31 620.68
-6124194 -230546 534.51 622.01
81 658 0 0
0 0
130.293 3.77
-6131805 -160452 527.30 627.02
-6119527 -164344 529.34 628.53
82 483 0 0
0 0
130.293 3.77
-6128622 -36961 522.89 632.35
-6116250 -40543 524.73 634.08
83 719 0 201
0 0
130.293 3.77
-5936521 -367923 576.76 579.09
-5924362 -372171 578.73 580.64
84 660 0 0
0 0
130.293 3.77
-6118611 -4952 524.08 634.05
-6106214 -8448 525.88 635.83
85 734 0 231
0 0
130.293 3.77
-5881237 -371581 579.37 583.31
-5869067 -375800 581.67 584.53
86 694 0 0
0 0
130.293 3.77
-6101596 -203488 535.06 627.99
-6089345 -207466 537.20 629.39
87 513 0 0
0 0
130.293 3.77
-6100946 -13168 526.67 636.58
-6088553 -16676 528.48 638.35
88 516 0 0
0 0
130.293 3.77
-6099342 -3662 526.87 636.84
-6086942 -7144 528.67 638.62
89 653 0 0
0 0
130.293 3.77
-6087110 -326175 555.30 611.94
-6074955 -330434 558.11 612.64
90 1788 0 235
0 0
130.293 3.77
-5862903 167770 575.78 592.20
-5850368 164808 577.55 594.05
91 601 0 0
0 0
130.293 3.77
-6081432 -22510 529.55 639.33
-6069043 -26031 531.37 641.09
92 599 0 0
0 0
130.293 3.77
-6079674 -74741 530.78 638.61
-6067321 -78391 532.67 640.29
93 2592 0 287
0 0
520.956 10.00
-5792701 -361659 582.14 587.83
-5760372 -372791 587.82 591.49
94 692 0 0
0 0
130.293 3.77
-6069374 -219288 541.25 631.12
-6057129 -223283 543.43 632.48
95 497 0 0
0 0
130.293 3.77
-6067084 -21921 531.62 641.41
-6054692 -25433 533.44 643.17
96 2592 0 290
0 0
406.453 10.09
-5790701 -312621 580.06 590.49
-5758075 -323856 585.19 594.79
97 2592 0 292
0 0
626.829 13.25
-5792915 -336727 580.69 589.22
-5750055 -351487 587.64 594.65
98 682 0 0
0 0
130.293 3.77
-6053185 -357891 569.85 607.20
-6041047 -362199 573.43 607.13
99 617 0 0
0 0
130.293 3.77
-6055710 -158931 538.20 638.12
-6043417 -162773 540.23 639.64
100 490 0 0
0 0
130.293 3.77
-6054056 -14601 533.45 643.34
-6041657 -18089 535.26 645.11
101 557 0 0
0 0
130.293 3.77
-6050865 -296996 554.48 623.23
-6038678 -301162 557.01 624.23
102 485 0 0
0 0
130.293 3.77
-6021478 -374647 583.49 602.71
-6009345 -378970 589.93 599.79
103 671 0 0
0 0
130.293 3.77
-6037007 -79826 537.10 644.62
-6024652 -83465 539.00 646.29
104 532 0 0
0 0
130.293 3.77
-6031899 -210009 545.75 637.45
-6019639 -213957 547.90 638.84
105 509 0 0
0 0
130.293 3.77
-6031455 -149387 541.09 642.23
-6019150 -153191 543.11 643.77
106 487 0 0
0 0
130.293 3.77
-6029213 -233227 548.54 635.43
-6016970 -237229 550.76 636.75
107 1774 0 0
0 0
130.293 3.77
-6027739 95698 538.98 645.42
-6015263 92498 540.67 647.34
108 554 0 0
0 0
130.293 3.77
-6012693 -337663 569.03 619.72
-6000528 -341896 572.00 620.27
109 499 0 0
0 0
130.293 3.77
-6013116 19217 539.40 649.23
-6000688 15833 541.17 651.05
110 496 0 0
0 0
130.293 3.77
-6010480 -101534 541.70 647.69
-5998136 -105211 543.63 649.32
111 536 0 0
0 0
130.293 3.77
-6008804 -154460 544.68 645.19
-5996499 -158263 546.71 646.72
112 720 0 43
0 0
130.293 3.77
-6197089 -241768 591.65 598.71
-6184891 -245903 593.45 600.44
113 755 0 288
0 0
130.293 3.77
-5751863 -169225 587.27 603.66
-5739525 -172922 589.09 605.40
114 521 0 0
0 0
130.293 3.77
-5999240 -312427 564.93 627.70
-5987052 -316593 567.58 628.58
115 530 0 0
0 0
130.293 3.77
-6000937 -113672 543.60 648.55
-5988600 -117373 545.55 650.16
116 535 0 0
0 0
130.293 3.77
-5997325 -94234 543.32 649.87
-5984974 -97887 545.24 651.52
117 1794 0 274
0 0
130.293 3.77
-5774776 142669 588.24 605.21
-5762249 139675 590.03 607.05
118 533 0 0
0 0
130.293 3.77
-5988740 -151006 547.36 648.31
-5976428 -154790 549.38 649.84
119 673 0 0
0 0
130.293 3.77
-5979647 -251525 557.89 640.41
-5967409 -255538 560.18 641.66
120 1744 0 0
0 0
130.293 3.77
-5979908 34490 544.35 653.87
-5967467 31158 546.11 655.71
121 583 0 0
0 0
130.293 3.77
-5973843 -353708 579.72 620.26
-5961681 -357951 583.10 620.39
122 1723 0 0
0 0
130.293 3.77
-5976947 100722 546.52 652.56
-5964463 97555 548.20 654.49
123 528 0 0
0 0
130.293 3.77
-5974973 -100971 546.81 652.84
-5962623 -104627 548.74 654.48
124 551 0 0
0 0
130.293 3.77
-5974126 -72986 545.98 653.91
-5961756 -76576 547.87 655.60
125 612 0 0
0 0
130.293 3.77
-5974082 137 544.97 654.94
-5961662 -3275 546.76 656.73
126 540 0 0
0 0
130.293 3.77
-5961097 -301334 568.26 635.40
-5948892 -305449 570.81 636.38
127 480 0 0
0 0
130.293 3.77
-5944928 -353171 583.70 624.63
-5932759 -357393 587.05 624.80
128 698 0 51
0 0
130.293 3.77
-6138529 -264488 600.35 606.93
-6126335 -268637 602.17 608.65
129 514 0 0
0 0
130.293 3.77
-5946880 -76324 550.02 657.75
-5934508 -79907 551.91 659.43
130 603 0 0
0 0
130.293 3.77
-5943182 -22210 549.53 659.31
-5930774 -25663 551.35 661.07
131 526 0 0
0 0
130.293 3.77
-5942322 -116010 552.18 656.91
-5929978 -119685 554.13 658.52
132 519 0 0
0 0
130.293 3.77
-5940840 -169611 555.54 653.98
-5928533 -173411 557.59 655.48
133 1782 0 297
0 0
130.293 3.77
-5714334 133568 596.89 614.03
-5701808 130571 598.68 615.87
134 537 0 0
0 0
130.293 3.77
-5928081 -11159 551.64 661.56
-5915663 -14578 553.45 663.34
135 350 0 309
0 0
130.293 3.77
-5688030 303336 602.83 611.12
-5675414 300741 604.59 613.00
136 549 0 0
0 0
130.293 3.77
-5924908 -17655 552.13 661.99
-5912494 -21088 553.95 663.75
137 518 0 0
0 0
130.293 3.77
-5921857 -132655 555.97 659.04
-5909521 -136358 557.95 660.62
138 652 0 0
0 0
130.293 3.77
-5919027 -230196 564.13 651.69
-5906761 -234123 566.34 653.03
139 622 0 0
0 0
130.293 3.77
-5913316 -317702 578.48 638.99
-5901113 -321822 581.16 639.83
140 672 0 0
0 0
130.293 3.77
-5914991 -102370 555.54 661.45
-5902633 -105999 557.47 663.09
141 482 0 0
0 0
130.293 3.77
-5912233 -240434 566.27 651.51
-5899972 -244380 568.52 652.81
142 517 0 0
0 0
130.293 3.77
-5908886 -299450 575.45 643.30
-5896668 -303527 577.98 644.30
143 1734 0 0
0 0
130.293 3.77
-5909559 141672 558.25 660.31
-5897044 138631 559.88 662.29
144 619 0 0
0 0
130.293 3.77
-5904572 -278105 572.47 647.52
-5892338 -282131 574.87 648.66
145 1784 0 304
0 0
130.293 3.77
-5683681 108002 601.12 618.66
-5671166 104956 602.90 620.49
146 606 0 0
0 0
130.293 3.77
-5902489 -166239 560.84 659.76
-5890173 -170010 562.89 661.27
147 550 0 0
0 0
130.293 3.77
-5897524 5675 556.04 665.99
-5885091 2310 557.83 667.80
148 502 0 0
0 0
130.293 3.77
-5895473 -27567 556.47 666.15
-5883061 -31010 558.31 667.91
149 562 0 0
0 0
130.293 3.77
-5880244 -277037 575.82 651.20
-5868003 -281045 578.22 652.35
150 527 0 0
0 0
130.293 3.77
-5880002 -98186 560.43 666.67
-5867635 -101787 562.36 668.32
151 539 0 0
0 0
130.293 3.77
-5868519 -277731 577.62 652.79
-5856277 -281734 580.02 653.93
152 696 0 61
0 0
130.293 3.77
-6059879 -112957 610.64 619.38
-6047552 -116690 612.44 621.15
153 701 0 63
0 0
130.293 3.77
-6053023 -116663 611.64 620.36
-6040697 -120401 613.44 622.12
154 690 0 0
0 0
130.293 3.77
-5858492 -86231 563.10 670.21
-5846115 -89794 565.01 671.88
155 645 0 0
0 0
130.293 3.77
-5856696 31816 562.13 671.71
-5844242 28531 563.89 673.54
156 736 0 329
0 0
130.293 3.77
-5634025 -225774 609.70 624.43
-5621705 -229531 611.55 626.14
157 479 0 0
0 0
130.293 3.77
-5841632 -263017 579.36 658.83
-5829374 -266971 581.69 660.04
158 623 0 0
0 0
130.293 3.77
-5841276 -80195 565.40 672.89
-5828892 -83735 567.30 674.57
159 1776 0 0
0 0
130.293 3.77
-5842623 210354 573.13 664.77
-5830063 207501 574.68 666.85
160 520 0 0
0 0
130.293 3.77
-5839060 -67108 565.34 673.59
-5826667 -70618 567.23 675.28
161 477 0 0
0 0
130.293 3.77
-5835082 -321941 590.73 649.35
-5822866 -326021 593.45 650.16
162 576 0 0
0 0
130.293 3.77
-5834794 36752 565.36 674.81
-5822335 33487 567.11 676.65
163 579 0 0
0 0
130.293 3.77
-5828850 -10214 565.98 675.90
-5816419 -13587 567.79 677.68
164 543 0 0
0 0
130.293 3.77
-5823401 -288462 585.87 657.58
-5811158 -292461 588.32 658.67
165 478 0 0
0 0
130.293 3.77
-5823100 -109793 569.13 674.42
-5810734 -113392 571.07 676.04
166 2493 0 0
0 0
38.8394 2.63
-5821688 13965 567.03 676.92
-5812979 11763 568.28 678.19
167 608 0 0
0 0
130.293 3.77
-5822878 -79578 568.04 675.57
-5810491 -83108 569.94 677.25
168 744 0 340
0 0
130.293 3.77
-5595984 -156609 614.22 630.90
-5583615 -160202 616.05 632.65
169 511 0 0
0 0
130.293 3.77
-5812106 -344417 599.99 646.73
-5799901 -348531 603.06 647.18
170 2493 0 0
0 0
255.682 6.30
-5812824 35976 568.52 677.99
-5791934 30688 571.47 681.08
171 552 0 0
0 0
130.293 3.77
-5805382 -180769 575.95 672.71
-5793060 -184519 578.03 674.20
172 2410 0 0
0 0
130.09 5.65
-5807624 259579 583.81 664.21
-5788779 255350 585.97 667.49
173 523 0 0
0 0
130.293 3.77
-5800462 -177405 576.40 673.68
-5788137 -181145 578.47 675.18
174 1752 0 0
0 0
130.293 3.77
-5799613 174864 576.33 674.00
-5787070 171938 577.93 676.03
175 2410 0 0
0 0
1139.67 20.01
-5828659 216115 575.71 666.22
-5761896 201129 583.94 677.29
176 547 0 0
0 0
130.293 3.77
-5792602 -255301 585.41 666.95
-5780329 -259209 587.70 668.20
177 507 0 0
0 0
130.293 3.77
-5785735 -366176 612.23 642.12
-5773540 -370321 616.30 641.57
178 574 0 0
0 0
130.293 3.77
-5790656 38694 571.76 681.16
-5778191 35450 573.52 683.00
179 1751 0 0
0 0
130.293 3.77
-5790495 256776 585.91 667.06
-5777907 254049 587.37 669.23
180 2410 0 0
0 0
1383.14 23.20
-5827575 239978 578.46 663.79
-5750153 222588 587.72 676.90
181 2410 0 0
0 0
1010.98 17.56
-5813849 188709 575.36 670.85
-5755254 175543 582.79 680.36
182 727 0 331
0 0
130.293 3.77
-5596561 -222958 623.35 630.76
-5584234 -226690 625.16 632.51
183 1779 0 0
0 0
130.293 3.77
-5781297 271739 589.32 666.30
-5768701 269050 590.75 668.51
184 2493 0 0
0 0
999.555 16.61
-5801606 57401 570.52 679.23
-5746555 43437 578.21 687.45
185 641 0 0
0 0
130.293 3.77
-5777749 -99328 575.25 681.40
-5765369 -102881 577.18 683.05
186 2493 0 0
0 0
70.3539 2.19
-5774860 2108 573.76 683.72
-5767609 268 574.81 684.77
187 640 0 0
0 0
130.293 3.77
-5774466 -139197 577.63 679.97
-5762111 -142838 579.62 681.54
188 2493 0 0
0 0
285.813 4.92
-5773394 25992 574.10 683.81
-5757079 21851 576.42 686.20
189 2493 0 0
0 0
1214.78 16.51
-5790731 78905 572.66 680.24
-5736016 65014 580.18 688.53
190 2493 0 0
0 0
936.064 20.17
-5796192 104548 572.79 678.53
-5729347 87577 581.81 688.82
191 713 0 335
0 0
130.293 3.77
-5576585 -181188 625.92 633.96
-5564229 -184823 627.73 635.73
192 555 0 0
0 0
130.293 3.77
-5762965 -317995 600.27 660.65
-5750730 -322022 602.94 661.52
193 378 0 366
0 0
130.293 3.77
-5529081 271205 621.92 637.97
-5516475 268566 623.66 639.87
194 1334 0 0
0 0
130.293 3.77
-5779215 380026 625.36 630.87
-5766565 377599 623.16 636.72
195 686 0 0
0 0
130.293 3.77
-5761038 -92876 577.42 684.06
-5748651 -96407 579.34 685.72
196 581 0 0
0 0
130.293 3.77
-5755628 -244637 589.41 673.63
-5743342 -248501 591.66 674.93
197 2410 0 0
0 0
33.4401 4.39
-5756322 248101 589.73 673.11
-5741663 244795 591.45 675.63
198 1742 0 0
0 0
130.293 3.77
-5753081 150265 581.38 682.40
-5740548 147295 583.00 684.39
199 556 0 0
0 0
130.293 3.77
-5749820 -220201 587.52 677.20
-5737516 -224008 589.69 678.58
200 1740 0 0
0 0
130.293 3.77
-5750216 257522 591.83 672.78
-5737625 254806 593.29 674.96
201 719 0 83
0 0
130.293 3.77
-5936521 -367923 631.67 634.00
-5924362 -372171 633.64 635.54
202 563 0 0
0 0
130.293 3.77
-5742833 -336838 607.80 658.94
-5730608 -340892 610.71 659.56
203 2493 0 0
0 0
60.6419 3.83
-5746017 116075 580.55 685.27
-5733335 112849 582.23 687.25
204 1739 0 0
0 0
130.293 3.77
-5746571 266241 593.55 672.11
-5733976 263546 594.99 674.31
205 2390 0 0
0 0
120.275 3.63
-5736378 -360886 616.88 651.73
-5724655 -364987 620.46 651.54
206 1781 0 69
0 0
130.293 3.77
-5965033 176017 625.18 641.40
-5952501 173042 626.95 643.25
207 512 0 0
0 0
130.293 3.77
-5741851 -25262 578.65 688.37
-5729419 -28632 580.48 690.13
208 129 0 0
0 0
130.293 3.77
-5742549 324954 604.81 662.01
-5729924 322400 606.03 664.44
209 495 0 0
0 0
130.293 3.77
-5736072 -268206 595.35 673.35
-5723798 -272110 597.69 674.55
210 488 0 0
0 0
130.293 3.77
-5719977 -167082 587.28 686.07
-5707633 -170757 589.32 687.59
211 1787 0 73
0 0
130.293 3.77
-5941239 88423 627.83 645.63
-5928759 85240 629.61 647.45
212 2155 0 365
0 0
130.293 3.77
-5497905 -282141 634.42 643.63
-5485599 -285944 636.27 645.33
213 748 0 78
0 0
130.293 3.77
-5925229 -80466 630.10 647.99
-5912857 -84048 631.90 649.75
214 683 0 0
0 0
130.293 3.77
-5702199 -93783 585.96 692.53
-5689805 -97289 587.88 694.18
215 678 0 0
0 0
130.293 3.77
-5696542 -323965 611.22 668.90
-5684299 -327964 613.95 669.70
216 2162 0 371
0 0
130.293 3.77
-5477006 -205650 632.06 647.45
-5464651 -209289 633.90 649.18
217 2159 0 368
0 0
130.293 3.77
-5491705 -226803 634.41 645.43
-5479364 -230492 636.24 647.16
218 515 0 0
0 0
130.293 3.77
-5695393 -279830 602.97 677.48
-5683119 -283735 605.36 678.63
219 82 0 0
0 0
130.293 3.77
-5698065 213834 594.36 685.32
-5685495 211027 595.90 687.40
220 504 0 0
0 0
130.293 3.77
-5693158 -232615 597.04 684.06
-5680852 -236418 599.25 685.41
221 570 0 0
0 0
130.293 3.77
-5692169 -146704 589.96 691.42
-5679807 -150322 591.97 692.98
222 86 0 0
0 0
130.293 3.77
-5693785 241742 598.00 682.92
-5681200 239001 599.49 685.06
223 2163 0 374
0 0
130.293 3.77
-5466676 -229187 633.94 648.55
-5454333 -232868 635.80 650.27
224 624 0 0
0 0
130.293 3.77
-5684742 -18442 586.85 696.68
-5672301 -21773 588.67 698.45
225 569 0 0
0 0
130.293 3.77
-5682926 -166956 592.62 691.43
-5670576 -170612 594.67 692.95
226 2165 0 376
0 0
130.293 3.77
-5461528 -188650 634.05 649.94
-5449160 -192246 635.88 651.67
227 486 0 0
0 0
130.293 3.77
-5663881 -371939 633.18 656.38
-5651664 -376018 638.13 654.96
228 481 0 0
0 0
130.293 3.77
-5670445 -46586 589.26 698.40
-5658018 -49974 591.12 700.13
229 2164 0 379
0 0
130.293 3.77
-5446011 -168606 636.03 652.44
-5433629 -172155 637.86 654.18
230 561 0 0
0 0
130.293 3.77
-5661797 -131612 593.49 696.67
-5649422 -135182 595.47 698.26
231 734 0 85
0 0
130.293 3.77
-5881237 -371581 643.43 647.37
-5869067 -375800 645.72 648.59
232 2161 0 380
0 0
130.293 3.77
-5437939 -175764 637.29 653.52
-5425561 -179324 639.12 655.26
233 560 0 0
0 0
130.293 3.77
-5653786 -191606 598.74 693.74
-5641447 -195301 600.83 695.20
234 627 0 0
0 0
130.293 3.77
-5643644 -222832 603.14 692.27
-5631324 -226589 605.31 693.65
235 1788 0 90
0 0
130.293 3.77
-5862903 167770 639.83 656.26
-5850368 164808 641.61 658.11
236 684 0 0
0 0
130.293 3.77
-5639682 -73645 594.33 702.21
-5627268 -77079 596.23 703.91
237 2166 0 386
0 0
130.293 3.77
-5418064 -169168 640.08 656.47
-5405680 -172706 641.91 658.21
238 2435 0 0
0 0
358.186 12.02
-5654646 117531 593.82 698.40
-5614646 108049 599.18 704.61
239 568 0 0
0 0
130.293 3.77
-5638258 -164293 598.89 698.07
-5625900 -167921 600.93 699.60
240 559 0 0
0 0
130.293 3.77
-5634445 -271779 610.55 687.51
-5622156 -275634 612.90 688.71
241 328 0 403
0 0
130.293 3.77
-5397667 113333 642.38 655.48
-5385129 110382 644.18 657.31
242 2562 0 0
0 0
1090.27 21.05
-5626309 -349570 628.49 671.92
-5557997 -372322 648.74 671.42
243 631 0 0
0 0
130.293 3.77
-5626265 -359686 632.28 668.15
-5614032 -363717 635.83 668.13
244 565 0 0
0 0
130.293 3.77
-5628886 -234615 606.55 693.12
-5616571 -238389 608.76 694.47
245 15 0 0
0 0
130.293 3.77
-5630286 286171 613.40 685.87
-5617676 283547 614.79 688.12
246 103 0 0
0 0
130.293 3.77
-5621058 2764 595.99 705.94
-5608597 -494 597.79 707.75
247 2435 0 0
0 0
628.713 12.38
-5634674 136974 597.70 700.29
-5593477 127191 603.13 706.77
248 567 0 0
0 0
130.293 3.77
-5612086 -161342 602.47 702.05
-5599722 -164952 604.50 703.59
249 77 0 0
0 0
130.293 3.77
-5613375 185756 604.09 700.06
-5600814 182906 605.68 702.10
250 67 0 0
0 0
130.293 3.77
-5609057 -5978 597.73 707.67
-5596600 -9252 599.54 709.46
251 548 0 0
0 0
130.293 3.77
-5605848 -210088 607.32 699.00
-5593514 -213798 609.47 700.42
252 2160 0 402
0 0
130.293 3.77
-5381822 -198355 645.70 661.32
-5369450 -201935 647.54 663.05
253 637 0 0
0 0
130.293 3.77
-5601161 -238729 611.03 696.65
-5588844 -242497 613.25 697.99
254 2435 0 0
0 0
216.443 10.79
-5612354 155854 602.07 702.38
-5576450 147313 606.72 708.10
255 688 0 0
0 0
130.293 3.77
-5593530 -322458 625.76 684.13
-5581266 -326395 628.46 684.97
256 2152 0 391
0 0
130.293 3.77
-5389143 -344970 651.84 657.63
-5376858 -348840 653.77 659.25
257 90 0 0
0 0
130.293 3.77
-5588066 201227 609.07 702.39
-5575496 198419 610.64 704.46
258 2562 0 0
0 0
154.617 7.55
-5580274 -340155 632.22 681.50
-5555776 -348319 638.27 682.53
259 2167 0 407
0 0
130.293 3.77
-5360175 -212954 649.05 664.22
-5347808 -216553 650.90 665.95
260 189 0 0
0 0
130.293 3.77
-5579892 -136437 605.59 708.24
-5567508 -139979 607.58 709.83
261 679 0 0
0 0
130.293 3.77
-5578410 -230210 613.35 700.90
-5566084 -233948 615.55 702.27
262 546 0 0
0 0
130.293 3.77
-5575045 -346614 634.93 680.29
-5562793 -350590 638.02 680.75
263 2515 0 0
0 0
306.867 10.59
-5588459 -159200 605.74 705.61
-5553600 -169050 611.46 709.97
264 2515 0 0
0 0
98.0469 3.48
-5572362 -41597 603.35 712.65
-5560905 -44835 605.06 714.25
265 534 0 0
0 0
130.293 3.77
-5566092 -359785 641.01 676.80
-5553848 -363782 644.56 676.80
266 2515 0 0
0 0
294.701 5.93
-5575337 -65187 603.41 711.74
-5555825 -70702 606.37 714.41
267 2156 0 404
0 0
130.293 3.77
-5363553 -164290 652.25 664.63
-5351159 -167795 654.07 666.39
268 2515 0 0
0 0
593.098 10.77
-5578313 -88778 603.68 710.60
-5542867 -98799 609.17 715.36
269 531 0 0
0 0
130.293 3.77
-5566291 -249130 617.32 700.43
-5553976 -252902 619.58 701.74
270 2515 0 0
0 0
685.641 14.86
-5579474 -112882 604.47 709.48
-5530560 -126714 612.20 715.88
271 492 0 0
0 0
130.293 3.77
-5555285 -364531 644.71 676.23
-5543041 -368531 648.56 675.92
272 2515 0 0
0 0
922.151 16.59
-5580313 -137077 605.57 708.14
-5525730 -152514 614.37 715.11
273 685 0 0
0 0
130.293 3.77
-5552956 -278711 623.38 698.23
-5540657 -282536 625.76 699.41
274 1794 0 117
0 0
130.293 3.77
-5774776 142669 652.30 669.26
-5762249 139675 654.08 671.10
275 681 0 0
0 0
130.293 3.77
-5547051 -315994 631.03 692.29
-5534775 -319892 633.66 693.20
276 553 0 0
0 0
130.293 3.77
-5545758 -264564 622.33 701.36
-5533449 -268356 624.65 702.60
277 634 0 0
0 0
130.293 3.77
-5542064 -205274 616.09 708.67
-5529718 -208943 618.22 710.11
278 2158 0 409
0 0
130.293 3.77
-5332724 -114558 656.35 669.43
-5320299 -117952 658.16 671.21
279 60 0 0
0 0
130.293 3.77
-5537037 67455 609.00 717.21
-5524533 64366 610.73 719.10
280 2154 0 411
0 0
130.293 3.77
-5321678 -201183 658.66 670.31
-5309299 -204742 660.49 672.06
281 635 0 0
0 0
130.293 3.77
-5521287 -157998 615.37 715.39
-5508909 -161559 617.39 716.95
282 147 0 0
0 0
130.293 3.77
-5515680 243115 623.90 708.48
-5503086 240416 625.40 710.62
283 61 0 0
0 0
130.293 3.77
-5514227 -50956 611.92 720.88
-5501786 -54290 613.78 722.61
284 213 0 0
0 0
130.293 3.77
-5514382 297869 632.17 700.59
-5501763 295291 633.53 702.87
285 1998 0 0
0 0
130.293 3.77
-5504075 -365676 652.67 683.07
-5491823 -369650 656.60 682.68
286 1568 0 415
0 0
130.293 3.77
-5284401 -338319 663.40 671.77
-5272095 -342123 665.36 673.37
287 2592 0 93
0 0
520.956 10.00
-5792701 -361659 664.50 670.19
-5760372 -372791 670.18 673.85
288 755 0 113
0 0
130.293 3.77
-5751863 -169225 660.47 676.86
-5739525 -172922 662.30 678.60
289 2150 0 0
0 0
130.293 3.77
-5495757 -258384 628.71 709.43
-5483436 -262138 631.00 710.70
290 2592 0 96
0 0
406.453 10.09
-5790701 -312621 662.41 672.85
-5758075 -323856 667.54 677.15
291 2139 0 0
0 0
130.293 3.77
-5494189 -284325 632.76 705.83
-5481884 -288131 635.17 706.98
292 2592 0 97
0 0
626.829 13.25
-5792915 -336727 663.05 671.57
-5750055 -351487 670.00 677.01
293 343 0 419
0 0
130.293 3.77
-5257605 267530 664.29 674.05
-5244991 264927 666.07 675.92
294 510 0 0
0 0
130.293 3.77
-5492580 -213872 624.06 715.00
-5480231 -217535 626.21 716.42
295 2595 0 0
0 0
70.4173 4.39
-5495153 93718 615.87 722.44
-5480545 90282 617.86 724.67
296 2108 0 0
0 0
130.293 3.77
-5491158 -237186 626.75 712.72
-5478824 -240894 628.96 714.07
297 1782 0 133
0 0
130.293 3.77
-5714334 133568 660.95 678.08
-5701808 130571 662.73 679.92
298 79 0 0
0 0
130.293 3.77
-5484939 230629 626.91 714.36
-5472349 227909 628.43 716.48
299 2135 0 0
0 0
130.293 3.77
-5475414 -245009 629.95 714.07
-5463082 -248726 632.19 715.40
300 2134 0 0
0 0
130.293 3.77
-5472501 -225678 628.17 716.69
-5460157 -229355 630.35 718.08
301 2104 0 0
0 0
130.293 3.77
-5472016 -188646 624.76 720.24
-5459650 -192247 626.84 721.73
302 2136 0 0
0 0
130.293 3.77
-5467122 -153105 622.88 723.54
-5454734 -156631 624.89 725.10
303 2595 0 0
0 0
345.309 5.95
-5466933 62934 619.02 727.45
-5447130 58264 621.77 730.42
304 1784 0 145
0 0
130.293 3.77
-5683681 108002 665.17 682.72
-5671166 104956 666.96 684.55
305 323 0 0
0 0
130.293 3.77
-5457078 -113506 622.19 727.13
-5444667 -116947 624.14 728.77
306 2114 0 0
0 0
130.293 3.77
-5455213 -246438 633.04 716.82
-5442879 -250148 635.28 718.14
307 2595 0 0
0 0
1414.14 24.58
-5492928 117377 617.18 721.77
-5411102 98077 628.18 734.42
308 2595 0 0
0 0
381.671 5.95
-5457868 84955 620.96 728.13
-5438051 80279 623.67 731.15
309 350 0 135
0 0
130.293 3.77
-5688030 303336 671.46 679.75
-5675414 300741 673.22 681.63
310 2133 0 0
0 0
130.293 3.77
-5448787 -228852 631.94 719.78
-5436442 -232524 634.12 721.16
311 2103 0 0
0 0
130.293 3.77
-5446708 -305439 643.37 708.94
-5434408 -309262 645.91 709.96
312 2144 0 0
0 0
130.293 3.77
-5447481 -181576 627.73 724.36
-5435108 -185152 629.80 725.86
313 56 0 0
0 0
130.293 3.77
-5446436 -100069 623.16 729.24
-5434015 -103479 625.09 730.89
314 2146 0 0
0 0
130.293 3.77
-5443721 -280319 639.41 713.76
-5431405 -284091 641.79 714.94
315 2101 0 0
0 0
130.293 3.77
-5435173 -239862 635.15 720.50
-5422833 -243549 637.37 721.84
316 2107 0 0
0 0
130.293 3.77
-5435166 -162014 628.08 727.57
-5422780 -165545 630.11 729.11
317 2595 0 0
0 0
331.408 7.59
-5442920 178064 628.12 725.29
-5417654 172094 631.32 729.39
318 2595 0 0
0 0
0.00108299 0.02
-5426344 198308 632.18 726.02
-5426289 198295 632.19 726.03
319 2132 0 0
0 0
130.293 3.77
-5431073 -218456 633.40 723.43
-5418719 -222098 635.56 724.84
320 2595 0 0
0 0
478.92 10.01
-5442296 153763 626.51 727.08
-5408993 145891 630.83 732.38
321 2595 0 0
0 0
133.148 4.04
-5429851 78349 624.79 732.39
-5416420 75174 626.64 734.42
322 2595 0 0
0 0
1496.77 27.19
-5471163 136429 621.30 723.94
-5380656 115035 633.30 738.10
323 1569 0 423
0 0
130.293 3.77
-5206179 -239009 671.77 686.01
-5193807 -242591 673.63 687.72
324 2149 0 0
0 0
130.293 3.77
-5422402 -253341 638.65 720.69
-5410067 -257049 640.92 721.98
325 2105 0 0
0 0
130.293 3.77
-5419331 -287656 644.13 716.10
-5407017 -291430 646.54 717.24
326 2137 0 0
0 0
130.293 3.77
-5418215 -140116 629.16 731.39
-5405814 -143595 631.15 732.98
327 2110 0 0
0 0
130.293 3.77
-5414924 -325567 652.29 709.20
-5402631 -329413 655.01 710.04
328 2143 0 0
0 0
130.293 3.77
-5412270 -184287 633.03 729.23
-5399893 -187852 635.11 730.73
329 736 0 156
0 0
130.293 3.77
-5634025 -225774 673.75 688.48
-5621705 -229531 675.60 690.20
330 148 0 0
0 0
130.293 3.77
-5411697 95705 628.01 734.42
-5399170 92714 629.71 736.34
331 727 0 182
0 0
130.293 3.77
-5596561 -222958 678.25 685.66
-5584234 -226690 680.06 687.41
332 192 0 0
0 0
130.293 3.77
-5405214 -93305 628.85 735.45
-5392785 -96684 630.78 737.12
333 2131 0 0
0 0
130.293 3.77
-5401234 -156976 632.65 732.81
-5388840 -160482 634.67 734.36
334 2145 0 0
0 0
130.293 3.77
-5394585 -116061 631.33 736.04
-5382167 -119482 633.29 737.68
335 713 0 191
0 0
130.293 3.77
-5576585 -181188 680.82 688.86
-5564229 -184823 682.63 690.63
336 2109 0 0
0 0
130.293 3.77
-5384732 -266606 645.89 724.33
-5372400 -270322 648.20 725.58
337 2112 0 0
0 0
130.293 3.77
-5380794 -178664 637.14 734.22
-5368410 -182204 639.21 735.73
338 359 0 426
0 0
130.293 3.77
-5141210 180961 679.95 692.02
-5128628 178205 681.74 693.87
339 2111 0 0
0 0
130.293 3.77
-5373717 -289709 651.06 722.34
-5361397 -293465 653.49 723.48
340 744 0 168
0 0
130.293 3.77
-5595984 -156609 678.27 694.95
-5583615 -160202 680.10 696.70
341 2411 0 0
0 0
945.191 15.00
-5391354 -70594 630.13 738.17
-5341784 -83784 637.69 744.94
342 2411 0 0
0 0
380.139 11.54
-5384523 -96740 631.97 738.31
-5346369 -106893 637.89 743.41
343 2450 0 0
0 0
1081.77 16.42
-5356757 -359921 671.32 706.99
-5303211 -376815 689.25 704.52
344 2142 0 0
0 0
130.293 3.77
-5368095 -106780 634.75 740.28
-5355669 -110172 636.69 741.93
345 2113 0 0
0 0
130.293 3.77
-5367164 -159285 637.72 737.57
-5354767 -162781 639.75 739.13
346 2411 0 0
0 0
159.731 4.23
-5366919 -28441 632.86 742.51
-5352927 -32165 634.93 744.48
347 2350 0 0
0 0
264.172 9.95
-5369894 -267959 648.22 726.29
-5337268 -277604 654.37 729.57
348 2411 0 0
0 0
740.198 18.58
-5380615 -49122 631.19 740.22
-5319219 -65473 640.42 748.73
349 2100 0 0
0 0
130.293 3.77
-5353478 -113174 637.14 742.11
-5341054 -116573 639.09 743.75
350 2350 0 0
0 0
811.989 12.27
-5362194 -245728 646.39 730.34
-5321950 -257631 653.73 734.64
351 2450 0 0
0 0
1108.75 20.57
-5356556 -335339 663.20 715.16
-5289474 -356507 679.66 718.09
352 2102 0 0
0 0
130.293 3.77
-5350680 -180835 641.66 738.40
-5338293 -184367 643.73 739.91
353 2106 0 0
0 0
130.293 3.77
-5345121 -292809 655.73 725.94
-5332798 -296556 658.17 727.06
354 2129 0 0
0 0
130.293 3.77
-5339728 -110962 639.03 744.20
-5327302 -114351 640.98 745.84
355 2350 0 0
0 0
784.043 13.11
-5350005 -224826 645.78 734.48
-5307008 -237548 653.40 739.29
356 2130 0 0
0 0
130.293 3.77
-5336597 -129364 640.37 743.76
-5324180 -132789 642.34 745.38
357 191 0 0
0 0
130.293 3.77
-5333709 288600 656.66 728.31
-5321088 286030 658.05 730.56
358 2147 0 0
0 0
130.293 3.77
-5330508 -162845 643.26 742.63
-5318110 -166333 645.29 744.18
359 6 0 0
0 0
130.293 3.77
-5331293 347471 670.43 715.24
-5318647 345025 671.48 717.84
360 2148 0 0
0 0
130.293 3.77
-5325169 -203406 647.26 740.18
-5312793 -206971 649.37 741.63
361 2409 0 0
0 0
586.993 10.46
-5325954 -320416 663.95 723.25
-5291754 -330871 671.40 725.69
362 2409 0 0
0 0
19.4983 3.71
-5315211 -274532 657.09 733.22
-5303082 -278239 659.41 734.41
363 2409 0 0
0 0
831.583 12.79
-5321756 -297123 659.87 728.55
-5279933 -309910 668.36 732.15
364 2138 0 0
0 0
130.293 3.77
-5303134 -158814 646.94 746.86
-5290730 -162283 648.97 748.41
365 2155 0 212
0 0
130.293 3.77
-5497905 -282141 693.89 703.10
-5485599 -285944 695.75 704.80
366 378 0 193
0 0
130.293 3.77
-5529081 271205 690.54 706.59
-5516475 268566 692.29 708.49
367 387 0 431
0 0
130.293 3.77
-5052022 -212622 689.39 708.36
-5039619 -216092 691.25 710.08
368 2159 0 217
0 0
130.293 3.77
-5491705 -226803 693.88 704.90
-5479364 -230492 695.71 706.63
369 349 0 434
0 0
130.293 3.77
-5040198 350871 697.93 703.23
-5027546 348459 699.65 705.16
370 2355 0 0
0 0
311.462 8.15
-5272802 310425 669.49 733.07
-5245439 305154 672.40 738.07
371 2162 0 216
0 0
130.293 3.77
-5477006 -205650 696.10 711.50
-5464651 -209289 697.95 713.23
372 2355 0 0
0 0
769.718 10.90
-5269827 333805 675.33 728.10
-5233231 326750 678.83 735.17
373 2355 0 0
0 0
713.343 14.93
-5278936 359500 682.38 718.41
-5228797 349837 686.02 729.26
374 2163 0 223
0 0
130.293 3.77
-5466676 -229187 697.99 712.60
-5454333 -232868 699.84 714.31
375 2355 0 0
0 0
79.9265 1.97
-5242890 376515 697.67 713.54
-5236271 375237 697.45 715.67
376 2165 0 226
0 0
130.293 3.77
-5461528 -188650 698.09 713.98
-5449160 -192246 699.93 715.72
377 333 0 437
0 0
130.293 3.77
-4998546 326839 703.08 710.11
-4985903 324384 704.84 712.01
378 17 0 0
0 0
130.293 3.77
-5237875 356492 687.11 725.55
-5225224 354075 688.03 728.29
379 2164 0 229
0 0
130.293 3.77
-5446011 -168606 700.08 716.48
-5433629 -172155 701.91 718.23
380 2161 0 232
0 0
130.293 3.77
-5437939 -175764 701.33 717.56
-5425561 -179324 703.17 719.30
381 212 0 0
0 0
130.293 3.77
-5215267 274671 671.55 747.64
-5202648 272089 672.99 749.85
382 2428 0 0
0 0
818.83 17.87
-5237645 303540 673.21 739.51
-5177660 291759 679.74 750.31
383 2428 0 0
0 0
342.5 5.50
-5212856 346596 687.26 732.63
-5194385 342966 688.80 736.42
384 2428 0 0
0 0
46.9448 2.77
-5201885 368409 697.78 725.28
-5192598 366583 698.14 727.60
385 373 0 438
0 0
130.293 3.77
-4961377 -113845 701.06 722.88
-4948917 -117105 702.89 724.65
386 2166 0 237
0 0
130.293 3.77
-5418064 -169168 704.12 720.51
-5405680 -172706 705.95 722.26
387 48 0 0
0 0
130.293 3.77
-5193489 131510 661.16 764.32
-5180931 128645 662.82 766.29
388 2428 0 0
0 0
757.633 11.85
-5212172 322519 680.87 739.21
-5172412 314696 684.88 746.69
389 344 0 440
0 0
130.293 3.77
-4953251 112361 706.59 719.70
-4940690 109511 708.39 721.53
390 2428 0 0
0 0
246.626 4.50
-5192897 342697 688.94 736.71
-5177790 339722 690.25 739.77
391 2152 0 256
0 0
130.293 3.77
-5389143 -344970 711.31 717.10
-5376858 -348840 713.24 718.72
392 2428 0 0
0 0
37.3456 1.63
-5180412 364210 698.72 730.54
-5174934 363130 699.00 731.84
393 34 0 0
0 0
130.293 3.77
-5177940 -83510 661.36 768.62
-5165483 -86787 663.26 770.31
394 2488 0 0
0 0
650.771 12.33
-5181313 -308138 682.25 746.75
-5140842 -319961 690.60 750.10
395 196 0 0
0 0
130.293 3.77
-5175211 -12300 660.44 770.32
-5162720 -15440 662.26 772.11
396 2488 0 0
0 0
929.084 13.26
-5181683 -283538 677.79 751.11
-5138167 -296251 686.24 755.23
397 2488 0 0
0 0
969.842 12.45
-5177629 -260232 674.93 755.14
-5136759 -272173 682.52 759.35
398 211 0 0
0 0
130.293 3.77
-5172442 357692 697.03 734.53
-5159789 355283 697.93 737.29
399 2488 0 0
0 0
846.181 13.12
-5173278 -237014 672.66 758.66
-5130199 -249602 680.39 763.37
400 332 0 446
0 0
130.293 3.77
-4925640 201331 711.31 722.95
-4913042 198649 713.10 724.80
401 2488 0 0
0 0
211.807 6.28
-5164197 -215173 671.64 762.31
-5143566 -221201 675.23 764.68
402 2160 0 252
0 0
130.293 3.77
-5381822 -198355 709.75 725.36
-5369450 -201935 711.59 727.10
403 328 0 241
0 0
130.293 3.77
-5397667 113333 711.00 724.10
-5385129 110382 712.80 725.93
404 2156 0 267
0 0
130.293 3.77
-5363553 -164290 711.72 724.10
-5351159 -167795 713.54 725.86
405 360 0 454
0 0
130.293 3.77
-4913442 182469 712.87 724.91
-4900851 179754 714.66 726.76
406 1487 0 0
0 0
130.293 3.77
-5144713 -281429 682.79 756.78
-5132355 -285062 685.16 757.98
407 2167 0 259
0 0
130.293 3.77
-5360175 -212954 713.10 728.26
-5347808 -216553 714.95 729.99
408 193 0 0
0 0
130.293 3.77
-5127628 52459 667.81 776.70
-5115103 49457 669.56 778.57
409 2158 0 278
0 0
130.293 3.77
-5332724 -114558 715.82 728.90
-5320299 -117952 717.63 730.68
410 138 0 0
0 0
130.293 3.77
-5118230 -87886 670.13 777.10
-5105771 -91151 672.04 778.78
411 2154 0 280
0 0
130.293 3.77
-5321678 -201183 718.13 729.78
-5309299 -204742 719.96 731.53
412 314 0 0
0 0
130.293 3.77
-5098146 -101454 673.54 779.49
-5085692 -104737 675.47 781.16
413 352 0 456
0 0
130.293 3.77
-4836623 99662 723.37 736.61
-4824062 96812 725.17 738.44
414 194 0 0
0 0
130.293 3.77
-5066983 -2911 676.05 785.98
-5054479 -6001 677.86 787.79
415 1568 0 286
0 0
130.293 3.77
-5284401 -338319 727.44 735.82
-5272095 -342123 729.40 737.41
416 38 0 0
0 0
130.293 3.77
-5052514 -245628 691.13 775.09
-5040127 -249158 693.35 776.44
417 2585 0 465
0 0
798.144 15.02
-4770189 348038 729.03 736.42
-4719663 338765 735.86 744.19
418 2585 0 466
0 0
853.981 12.23
-4754647 369106 732.75 737.19
-4713521 361547 738.06 743.76
419 343 0 293
0 0
130.293 3.77
-5257605 267530 732.91 742.67
-5244991 264927 734.68 744.53
420 2501 0 0
0 0
271.901 10.07
-5026782 150995 686.37 787.28
-4993206 143382 690.76 792.59
421 2501 0 0
0 0
826.355 14.51
-5022706 125973 685.55 789.28
-4974313 114990 692.01 796.80
422 2501 0 0
0 0
543.842 15.39
-5017925 100784 685.10 791.11
-4966598 89130 692.08 798.96
423 1569 0 323
0 0
130.293 3.77
-5206179 -239009 735.81 750.05
-5193807 -242591 737.67 751.76
424 969 0 461
0 0
130.293 3.77
-4728182 132390 743.80 756.66
-4715604 129616 745.60 758.50
425 28 0 0
0 0
130.293 3.77
-4931485 59910 696.31 804.87
-4918945 56969 698.06 806.75
426 359 0 338
0 0
130.293 3.77
-5141210 180961 748.56 760.64
-5128628 178205 750.36 762.48
427 195 0 0
0 0
130.293 3.77
-4868477 121027 707.58 811.80
-4855909 118209 709.26 813.75
428 939 0 467
0 0
130.293 3.77
-4653754 259135 755.96 766.00
-4641128 256588 757.74 767.87
429 922 0 0
0 0
130.293 3.77
-4828233 225987 721.29 809.73
-4815623 223363 722.83 811.83
430 855 0 0
0 0
130.293 3.77
-4817864 186203 719.07 814.94
-4805269 183510 720.67 816.97
431 387 0 367
0 0
130.293 3.77
-5052022 -212622 758.00 776.97
-5039619 -216092 759.86 778.69
432 845 0 0
0 0
130.293 3.77
-4809106 75603 714.40 822.14
-4796554 72716 716.13 824.03
433 791 0 0
0 0
130.293 3.77
-4803662 53495 714.64 823.47
-4791119 50570 716.39 825.34
434 349 0 369
0 0
130.293 3.77
-5040198 350871 766.54 771.85
-5027546 348459 768.26 773.78
435 787 0 0
0 0
130.293 3.77
-4795002 299212 736.35 804.26
-4782365 296722 737.72 806.54
436 930 0 0
0 0
130.293 3.77
-4765374 42730 719.97 829.20
-4752833 39795 721.74 831.06
437 333 0 377
0 0
130.293 3.77
-4998546 326839 771.70 778.72
-4985903 324384 773.45 780.62
438 373 0 385
0 0
130.293 3.77
-4961377 -113845 769.67 791.49
-4948917 -117105 771.50 793.26
439 840 0 0
0 0
130.293 3.77
-4719550 320195 751.51 810.90
-4706905 317748 752.79 813.27
440 344 0 389
0 0
130.293 3.77
-4953251 112361 775.20 788.31
-4940690 109511 777.00 790.14
441 907 0 0
0 0
130.293 3.77
-4707782 91553 729.56 836.25
-4695219 88713 731.27 838.17
442 876 0 0
0 0
130.293 3.77
-4697696 223890 739.92 828.80
-4685084 221278 741.47 830.90
443 790 0 0
0 0
130.293 3.77
-4695139 129595 733.06 836.41
-4682561 126822 734.73 838.37
444 853 0 0
0 0
130.293 3.77
-4694194 201221 738.22 831.52
-4681589 198570 739.80 833.57
445 952 0 478
0 0
130.293 3.77
-4484494 323076 781.81 789.05
-4471845 320647 783.56 790.95
446 332 0 400
0 0
130.293 3.77
-4925640 201331 779.92 791.56
-4913042 198649 781.71 793.41
447 2513 0 0
0 0
532.354 7.78
-4694575 183691 736.68 832.95
-4668517 178378 740.03 837.12
448 2513 0 0
0 0
417.365 6.67
-4691938 279130 747.84 822.55
-4669595 274573 750.37 826.47
449 2513 0 0
0 0
444.201 6.25
-4688938 206538 739.47 831.79
-4668005 202268 742.10 835.20
450 2513 0 0
0 0
414.71 5.64
-4686699 302059 752.53 819.37
-4667799 298204 754.54 822.82
451 2513 0 0
0 0
645.794 12.13
-4696792 256131 743.85 825.14
-4656160 247841 748.66 832.07
452 2513 0 0
0 0
376.727 5.50
-4681920 229106 742.76 830.52
-4663501 225347 745.02 833.59
453 2513 0 0
0 0
144.278 4.38
-4679470 324585 758.31 815.68
-4664806 321592 759.74 818.49
454 360 0 405
0 0
130.293 3.77
-4913442 182469 781.48 793.52
-4900851 179754 783.27 795.37
455 843 0 0
0 0
130.293 3.77
-4673844 294236 752.96 822.66
-4661206 291747 754.35 824.92
456 352 0 413
0 0
130.293 3.77
-4836623 99662 791.98 805.22
-4824062 96812 793.78 807.05
457 2343 0 0
0 0
39.5161 2.67
-4569448 320758 773.32 832.45
-4560478 319087 774.24 834.12
458 2343 0 0
0 0
316.129 7.30
-4562694 343432 780.20 827.52
-4538144 338851 782.41 832.41
459 2343 0 0
0 0
992.206 12.89
-4575807 369789 789.02 814.92
-4532466 361705 791.17 825.29
460 779 0 0
0 0
130.293 3.77
-4529947 276368 770.82 846.37
-4517314 273860 772.26 848.57
461 969 0 424
0 0
130.293 3.77
-4728182 132390 803.26 816.12
-4715604 129616 805.05 817.95
462 908 0 0
0 0
130.293 3.77
-4508366 246284 769.82 853.60
-4495742 243728 771.33 855.74
463 927 0 0
0 0
130.293 3.77
-4505136 279928 774.95 849.40
-4492501 277427 776.39 851.61
464 909 0 0
0 0
130.293 3.77
-4466278 254842 776.98 858.60
-4453651 252304 778.47 860.75
465 2585 0 417
0 0
798.144 15.02
-4770189 348038 811.36 818.75
-4719663 338765 818.19 826.52
466 2585 0 418
0 0
853.981 12.23
-4754647 369106 815.08 819.52
-4713521 361547 820.39 826.09
467 939 0 428
0 0
130.293 3.77
-4653754 259135 815.41 825.46
-4641128 256588 817.20 827.33
468 832 0 0
0 0
130.293 3.77
-4442999 262706 781.39 860.91
-4430368 260182 782.87 863.08
469 1093 0 505
0 0
130.293 3.77
-4197988 -82243 815.60 833.46
-4185465 -85253 817.42 835.25
470 766 0 0
0 0
130.293 3.77
-4418910 260659 784.59 864.67
-4406280 258133 786.08 866.83
471 1075 0 508
0 0
130.293 3.77
-4178267 -193621 819.50 835.25
-4165781 -196783 821.35 837.01
472 926 0 0
0 0
130.293 3.77
-4377858 326867 802.43 858.69
-4365207 324448 803.68 861.10
473 869 0 0
0 0
130.293 3.77
-4366275 378751 826.96 837.50
-4353609 376415 826.03 842.10
474 774 0 0
0 0
130.293 3.77
-4339698 311841 804.58 867.56
-4327052 309400 805.91 869.88
475 872 0 0
0 0
130.293 3.77
-4319490 244205 796.85 881.13
-4306863 241661 798.36 883.26
476 781 0 0
0 0
130.293 3.77
-4294890 279311 805.22 879.86
-4282253 276821 806.66 882.07
477 1059 0 0
0 0
130.293 3.77
-4276523 -327992 817.34 873.05
-4264094 -331370 819.98 874.00
478 952 0 445
0 0
130.293 3.77
-4484494 323076 841.26 848.51
-4471845 320647 843.02 850.40
479 896 0 0
0 0
130.293 3.77
-4271068 253533 805.00 886.96
-4258439 251006 806.50 889.11
480 769 0 0
0 0
130.293 3.77
-4233726 310161 819.54 883.21
-4221079 307721 820.88 885.52
481 763 0 0
0 0
130.293 3.77
-4229659 344969 828.77 875.15
-4217002 342582 829.88 877.71
482 1041 0 0
0 0
130.293 3.77
-4211689 -122492 802.53 906.59
-4199180 -125562 804.49 908.24
483 1040 0 0
0 0
130.293 3.77
-4209860 -90739 801.45 908.19
-4197340 -93764 803.37 909.89
484 1009 0 0
0 0
130.293 3.77
-4206274 -225009 811.02 899.65
-4193801 -228222 813.17 901.11
485 2433 0 0
0 0
1157.2 18.84
-4209545 -191125 807.35 902.38
-4147053 -206805 817.76 910.02
486 2433 0 0
0 0
241.343 8.64
-4190229 -123256 805.67 909.65
-4161560 -130449 810.18 913.42
487 2433 0 0
0 0
1681.25 22.51
-4209446 -166912 805.50 904.26
-4134789 -185648 817.70 913.63
488 2433 0 0
0 0
1195.11 21.08
-4201670 -144625 805.18 906.83
-4131729 -162181 816.39 915.82
489 1644 0 522
0 0
130.293 3.77
-3909998 321308 857.71 869.96
-3897346 318892 859.42 871.90
490 1056 0 0
0 0
130.293 3.77
-4135285 -256439 824.99 906.19
-4122819 -259676 827.23 907.56
491 1069 0 0
0 0
130.293 3.77
-4112324 -333996 842.58 895.23
-4099883 -337330 845.28 896.13
492 2377 0 0
0 0
315.053 16.15
-4120387 41522 813.12 922.37
-4066555 29209 820.73 930.31
493 2377 0 0
0 0
1513.05 23.04
-4117395 16728 813.28 923.07
-4040584 -857 824.32 934.22
494 2377 0 0
0 0
1417.05 20.85
-4108278 -9475 814.56 924.43
-4038757 -25396 824.70 934.36
495 1001 0 0
0 0
130.293 3.77
-4037919 -11580 824.73 934.58
-4025365 -14462 826.56 936.38
496 2453 0 0
0 0
819.519 11.95
-4050639 -61122 823.58 932.05
-4010848 -70408 829.56 937.56
497 2453 0 0
0 0
290.566 7.23
-4040648 -87596 825.79 932.73
-4016577 -93214 829.46 936.01
498 990 0 0
0 0
130.293 3.77
-4032006 60057 826.25 934.77
-4019431 57275 828.00 936.65
499 1019 0 0
0 0
130.293 3.77
-4029926 -250982 839.51 922.11
-4017450 -254182 841.72 923.50
500 2453 0 0
0 0
737.202 10.89
-4041393 -39138 824.49 933.81
-4005126 -47605 829.87 938.91
501 2453 0 0
0 0
404.764 7.68
-4024972 -18829 826.64 936.41
-3999401 -24802 830.38 940.05
502 1006 0 0
0 0
130.293 3.77
-4017267 -62020 828.42 936.85
-4004728 -64966 830.30 938.59
503 2453 0 0
0 0
46.718 2.51
-4002215 -3 829.86 939.76
-3993872 -1953 831.07 940.96
504 983 0 0
0 0
130.293 3.77
-3986483 -311505 855.53 918.64
-3974024 -314773 858.01 919.75
505 1093 0 469
0 0
130.293 3.77
-4197988 -82243 879.62 897.48
-4185465 -85253 881.44 899.27
506 1037 0 0
0 0
130.293 3.77
-3970857 189559 841.69 936.98
-3958242 186960 843.30 939.02
507 2423 0 0
0 0
748.385 9.80
-3969281 -18174 834.68 944.45
-3936620 -25745 839.46 949.10
508 1075 0 471
0 0
130.293 3.77
-4178267 -193621 883.52 899.27
-4165781 -196783 885.37 901.03
509 2423 0 0
0 0
793.822 10.37
-3966564 5329 835.01 944.90
-3932021 -2679 840.00 949.89
510 2423 0 0
0 0
1035.24 16.02
-3972002 -41675 834.55 943.79
-3918641 -54050 842.49 951.27
511 2423 0 0
0 0
636.696 10.89
-3963688 28796 835.58 945.16
-3927419 20386 840.74 950.48
512 2423 0 0
0 0
1736.85 24.83
-3974730 -65174 834.64 942.91
-3891997 -84372 847.15 954.31
513 2423 0 0
0 0
471.315 20.30
-3963937 -91813 837.01 943.66
-3896292 -107512 847.40 952.81
514 2570 0 533
0 0
799.084 33.49
-3697316 -93126 878.82 896.56
-3585734 -119020 895.12 912.49
515 2570 0 534
0 0
2371.33 33.49
-3692006 -70222 879.47 897.44
-3580424 -96121 895.72 913.42
516 976 0 0
0 0
130.293 3.77
-3905917 -352546 878.04 919.39
-3893466 -355843 881.05 919.97
517 2423 0 0
0 0
114.276 3.75
-3906339 -56918 844.33 952.98
-3893835 -59824 846.20 954.72
518 1598 0 0
0 0
130.293 3.77
-3906364 370765 886.30 911.00
-3893700 368416 886.74 914.22
519 1585 0 0
0 0
130.293 3.77
-3881876 318755 872.18 932.19
-3869225 316335 873.48 934.55
520 1029 0 0
0 0
130.293 3.77
-3877084 -105029 850.07 955.69
-3864553 -108005 852.00 957.38
521 1586 0 0
0 0
130.293 3.77
-3792303 279022 877.76 952.48
-3779662 276551 879.21 954.69
522 1644 0 489
0 0
130.293 3.77
-3909998 321308 926.30 938.54
-3897346 318892 928.01 940.48
523 2451 0 0
0 0
388.299 9.66
-3630768 134757 887.07 989.83
-3598397 128179 891.39 994.85
524 2451 0 0
0 0
1077.03 16.66
-3642950 161223 886.92 986.46
-3587128 149880 894.25 995.25
525 2451 0 0
0 0
759.622 14.97
-3625983 181776 890.87 987.41
-3575826 171574 897.34 995.42
526 2451 0 0
0 0
1179.51 18.01
-3624884 205550 893.06 985.53
-3564536 193269 900.68 995.34
527 2451 0 0
0 0
917.75 14.90
-3604991 225507 897.92 986.42
-3555060 215333 904.08 994.68
528 1588 0 0
0 0
130.293 3.77
-3583443 353348 924.90 965.66
-3570785 350971 925.89 968.33
529 2451 0 0
0 0
421.524 8.90
-3583722 245176 903.23 987.26
-3553890 239091 906.81 992.29
530 2451 0 0
0 0
13.7579 1.58
-3567199 265803 908.31 986.94
-3561895 264721 908.93 987.86
531 1011 0 0
0 0
130.293 3.77
-3563732 31305 893.37 1002.88
-3551152 28543 895.16 1004.73
532 1030 0 0
0 0
130.293 3.77
-3509420 185966 908.04 1003.90
-3496800 183390 909.65 1005.93
533 2570 0 514
0 0
799.084 33.49
-3697316 -93126 961.12 978.85
-3585734 -119020 977.41 994.78
534 2570 0 515
0 0
2371.33 33.49
-3692006 -70222 961.77 979.74
-3580424 -96121 978.02 995.71
