2 13 111 180 23510 
68 106
0 0 0
2 40000 130.293 0 0
73 40000 130.293 0 0
144 40000 130.293 0 0
267 40000 130.293 0 0
315 40000 130.293 0 0
318 40000 130.293 0 0
756 40000 130.293 0 0
757 40000 130.293 0 0
761 40000 130.293 0 0
789 40000 130.293 0 0
792 40000 130.293 0 0
796 40000 130.293 0 0
798 40000 130.293 0 0
801 40000 130.293 0 0
809 40000 130.293 0 0
822 40000 130.293 0 0
835 40000 130.293 0 0
847 40000 130.293 0 0
849 40000 130.293 0 0
851 40000 130.293 0 0
862 40000 130.293 0 0
881 40000 130.293 0 0
888 40000 130.293 0 0
895 40000 130.293 0 0
913 40000 130.293 0 0
932 40000 130.293 0 0
941 40000 130.293 0 1
947 40000 130.293 0 1
948 40000 130.293 0 1
949 40000 130.293 0 1
951 40000 130.293 0 1
954 40000 130.293 0 1
1103 40000 130.293 0 0
1105 40000 130.293 0 0
1106 40000 130.293 0 0
1112 40000 130.293 0 0
1117 40000 130.293 0 0
1119 40000 130.293 0 0
1127 40000 130.293 0 0
1131 40000 130.293 0 0
1134 40000 130.293 0 0
1147 40000 130.293 0 0
1164 40000 130.293 0 0
1167 40000 130.293 0 0
1356 40000 130.293 0 0
1389 40000 130.293 0 1
1397 40000 130.293 0 1
1398 40000 130.293 0 1
1403 40000 130.293 0 1
1408 40000 130.293 0 1
1580 40000 130.293 0 0
1592 40000 130.293 0 0
1594 40000 130.293 0 0
1612 40000 130.293 0 0
1613 40000 130.293 0 0
1615 40000 130.293 0 0
1620 40000 130.293 0 0
1624 40000 130.293 0 0
1646 40000 130.293 0 1
1656 40000 130.293 0 0
1657 40000 130.293 0 0
1669 40000 130.293 0 0
1687 40000 130.293 0 0
1688 40000 130.293 0 0
2439 50000 1560.93 2 0
2446 50000 2373.46 2 0
2537 50000 1182.3 2 0
2544 50000 10270.1 2 0
1 2446 0 0
0 0
73.1963 6.79
-6927528 -341894 438.01 486.29
-6906109 -350824 443.95 486.54
2 2446 0 0
0 0
152.735 8.91
-6916731 -295478 429.06 498.37
-6888621 -307201 435.32 500.23
3 2446 0 0
0 0
5.04471 1.81
-6911564 -272151 426.02 502.90
-6905839 -274538 427.20 503.37
4 2446 0 0
0 0
1215.72 20.03
-6911600 -323129 435.41 493.50
-6848381 -349512 451.85 495.33
5 2446 0 0
0 0
767.936 11.37
-6873080 -313774 438.91 501.14
-6837203 -328757 447.52 502.90
6 2446 0 0
0 0
158.823 6.08
-6859842 -293833 436.99 506.88
-6840641 -301853 441.23 508.20
7 1397 0 16
0 0
130.293 3.77
-6328619 243554 505.61 523.19
-6316075 240632 507.35 525.07
8 1117 0 0
0 0
130.293 3.77
-6517232 260192 481.33 561.58
-6504693 257247 482.75 563.79
9 1147 0 0
0 0
130.293 3.77
-6451716 267991 491.89 569.97
-6439166 265094 493.29 572.19
10 1389 0 28
0 0
130.293 3.77
-6093508 54579 537.06 559.70
-6081066 51247 538.84 561.51
11 1398 0 29
0 0
130.293 3.77
-6069359 76598 540.66 563.07
-6056900 73332 542.44 564.89
12 1408 0 30
0 0
130.293 3.77
-6051105 -196336 544.71 564.30
-6038839 -200264 546.55 566.00
13 1134 0 0
0 0
130.293 3.77
-6247336 67220 506.34 614.59
-6234905 63847 508.05 616.47
14 1103 0 0
0 0
130.293 3.77
-6144154 -23315 520.49 630.26
-6131775 -26870 522.31 632.02
15 1403 0 33
0 0
130.293 3.77
-5898068 -35155 565.23 588.01
-5885662 -38617 567.04 589.79
16 1397 0 7
0 0
130.293 3.77
-6328619 243554 574.25 591.83
-6316075 240632 575.99 593.71
17 1356 0 0
0 0
130.293 3.77
-6059538 -127739 535.81 639.40
-6047222 -131507 537.79 640.98
18 1127 0 0
0 0
130.293 3.77
-6008682 -29715 540.14 649.77
-5996287 -33217 541.97 651.52
19 1164 0 0
0 0
130.293 3.77
-6008240 118359 542.76 647.28
-5995747 115224 544.42 649.23
20 2537 0 0
0 0
226.839 6.83
-5951025 -102113 550.32 656.25
-5928600 -108687 553.83 659.22
21 1131 0 0
0 0
130.293 3.77
-5942148 127888 552.78 656.35
-5929643 124801 554.43 658.32
22 2537 0 0
0 0
650.552 14.18
-5942471 -80125 550.77 658.27
-5895930 -93784 557.96 664.54
23 1167 0 0
0 0
130.293 3.77
-5921839 -110721 554.90 660.11
-5909487 -114373 556.85 661.73
24 2537 0 0
0 0
304.91 7.58
-5927499 -109022 554.01 659.36
-5902611 -116328 557.93 662.63
25 1112 0 0
0 0
130.293 3.77
-5912105 102027 555.94 661.88
-5899613 98887 557.62 663.81
26 1106 0 0
0 0
130.293 3.77
-5906344 -116409 557.39 662.09
-5893994 -120066 559.35 663.70
27 1105 0 0
0 0
130.293 3.77
-5856474 -67784 562.84 671.05
-5844084 -71303 564.73 672.75
28 1389 0 10
0 0
130.293 3.77
-6093508 54579 605.69 628.33
-6081066 51247 607.48 630.15
29 1398 0 11
0 0
130.293 3.77
-6069359 76598 609.30 631.71
-6056900 73332 611.08 633.53
30 1408 0 12
0 0
130.293 3.77
-6051105 -196336 613.34 632.94
-6038839 -200264 615.19 634.64
31 1119 0 0
0 0
130.293 3.77
-5792509 4287 571.21 681.17
-5780065 964 573.01 682.97
32 73 0 0
0 0
130.293 3.77
-5688860 -311629 609.62 672.72
-5676607 -315598 612.23 673.65
33 1403 0 15
0 0
130.293 3.77
-5898068 -35155 633.86 656.64
-5885662 -38617 635.67 658.43
34 2 0 0
0 0
130.293 3.77
-5531726 -142007 612.87 714.88
-5519340 -145539 614.87 716.46
35 318 0 0
0 0
130.293 3.77
-5527085 -179218 616.05 713.04
-5514720 -182825 618.11 714.55
36 144 0 0
0 0
130.293 3.77
-5495019 -148641 618.57 719.79
-5482632 -152171 620.58 721.36
37 315 0 0
0 0
130.293 3.77
-5430866 -243251 636.17 720.72
-5418527 -246942 638.40 722.05
38 267 0 0
0 0
130.293 3.77
-5414966 -57681 626.40 735.08
-5402519 -60992 628.28 736.81
39 2439 0 0
0 0
27.0062 3.52
-5386648 -148124 634.20 735.47
-5375073 -151467 636.07 736.94
40 2439 0 0
0 0
551.755 12.90
-5389879 -171667 635.31 733.43
-5347480 -183920 642.37 738.62
41 2439 0 0
0 0
664.671 11.19
-5383999 -197840 638.26 732.18
-5347247 -208462 644.54 736.52
42 2439 0 0
0 0
317.498 9.47
-5378120 -224014 641.63 730.50
-5347016 -233004 647.10 734.02
43 941 0 55
0 0
130.293 3.77
-4923544 -9971 715.15 728.87
-4911034 -13035 716.96 730.67
44 948 0 56
0 0
130.293 3.77
-4882789 -318824 724.15 731.64
-4870418 -322411 726.04 733.33
45 954 0 57
0 0
130.293 3.77
-4875586 147133 722.61 735.26
-4863008 144361 724.40 737.10
46 822 0 0
0 0
130.293 3.77
-4895891 -217363 710.62 800.85
-4883473 -220783 712.76 802.29
47 761 0 0
0 0
130.293 3.77
-4893110 197783 709.18 803.09
-4880513 195100 710.76 805.14
48 757 0 0
0 0
130.293 3.77
-4884781 -69949 703.31 811.37
-4872294 -73109 705.20 813.08
49 881 0 0
0 0
130.293 3.77
-4873666 -158497 708.97 808.91
-4861219 -161807 710.99 810.49
50 792 0 0
0 0
130.293 3.77
-4769522 212476 728.39 819.58
-4756916 209835 729.96 821.66
51 949 0 73
0 0
130.293 3.77
-4552425 -121924 769.12 782.12
-4539937 -125078 770.94 783.90
52 835 0 0
0 0
130.293 3.77
-4753587 -284924 739.86 812.72
-4741186 -288404 742.23 813.93
53 1656 0 0
0 0
130.293 3.77
-4732292 136021 728.03 830.70
-4719713 133253 729.70 832.66
54 1669 0 0
0 0
130.293 3.77
-4731276 160027 729.65 829.38
-4718688 157301 731.28 831.38
55 941 0 43
0 0
130.293 3.77
-4923544 -9971 774.61 788.33
-4911034 -13035 776.42 790.13
56 948 0 44
0 0
130.293 3.77
-4882789 -318824 783.61 791.10
-4870418 -322411 785.50 792.79
57 954 0 45
0 0
130.293 3.77
-4875586 147133 782.07 794.72
-4863008 144361 783.87 796.56
58 888 0 0
0 0
130.293 3.77
-4658190 -213039 744.53 835.61
-4645748 -216370 746.66 837.08
59 809 0 0
0 0
130.293 3.77
-4657309 -113705 737.75 842.65
-4644825 -116875 739.69 844.30
60 847 0 0
0 0
130.293 3.77
-4643898 -223010 747.60 836.66
-4631459 -226352 749.75 838.11
61 1687 0 0
0 0
130.293 3.77
-4638349 148561 742.34 843.53
-4625762 145828 743.99 845.52
62 951 0 78
0 0
130.293 3.77
-4423025 -344410 791.39 797.23
-4410616 -347862 793.32 798.88
63 756 0 0
0 0
130.293 3.77
-4551787 -375981 796.99 813.89
-4539405 -379527 803.29 811.16
64 947 0 79
0 0
130.293 3.77
-4348232 -208324 799.37 810.85
-4335764 -211553 801.21 812.61
65 851 0 0
0 0
130.293 3.77
-4551429 -116329 753.16 857.82
-4538939 -119474 755.11 859.47
66 849 0 0
0 0
130.293 3.77
-4545738 -302144 772.91 839.72
-4533323 -305576 775.36 840.85
67 1688 0 0
0 0
130.293 3.77
-4519356 128621 758.40 861.85
-4506772 125873 760.07 863.80
68 1657 0 0
0 0
130.293 3.77
-4501143 87969 759.28 866.22
-4488573 85159 761.00 868.13
69 801 0 0
0 0
130.293 3.77
-4453924 -251725 778.36 860.78
-4441481 -255050 780.59 862.15
70 789 0 0
0 0
130.293 3.77
-4446509 -72483 766.69 874.59
-4433995 -75533 768.59 876.31
71 798 0 0
0 0
130.293 3.77
-4423933 -29494 769.11 878.70
-4411402 -32474 770.96 880.47
72 913 0 0
0 0
130.293 3.77
-4419546 -197125 777.53 871.54
-4407078 -200358 779.62 873.06
73 949 0 51
0 0
130.293 3.77
-4552425 -121924 828.57 841.57
-4539937 -125078 830.40 843.35
74 932 0 0
0 0
130.293 3.77
-4294815 -38483 787.88 897.23
-4282281 -41450 789.74 898.99
75 862 0 0
0 0
130.293 3.77
-4289440 -107833 790.63 896.03
-4276931 -110900 792.57 897.70
76 895 0 0
0 0
130.293 3.77
-4282159 -122559 792.35 896.41
-4269654 -125645 794.31 898.06
77 796 0 0
0 0
130.293 3.77
-4218468 -113476 801.13 906.03
-4205957 -116535 803.07 907.70
78 951 0 62
0 0
130.293 3.77
-4423025 -344410 850.84 856.68
-4410616 -347862 852.77 858.33
79 947 0 64
0 0
130.293 3.77
-4348232 -208324 858.82 870.30
-4335764 -211553 860.66 872.06
80 1615 0 0
0 0
130.293 3.77
-4122969 -165551 817.89 916.85
-4110470 -168660 819.92 918.43
81 1624 0 0
0 0
130.293 3.77
-4051523 -144034 826.83 928.55
-4039013 -147098 828.82 930.17
82 1646 0 87
0 0
130.293 3.77
-3730495 -159303 879.38 900.14
-3717973 -162318 881.23 901.90
83 1613 0 0
0 0
130.293 3.77
-3897441 -124867 848.04 951.84
-3884917 -127873 850.00 953.50
84 1620 0 0
0 0
130.293 3.77
-3779366 -147530 866.34 967.64
-3766843 -150540 868.34 969.26
85 1612 0 0
0 0
130.293 3.77
-3754662 -211392 874.87 966.24
-3742157 -214476 876.98 967.75
86 1592 0 0
0 0
130.293 3.77
-3572627 28288 892.05 1001.63
-3560048 25521 893.84 1003.48
87 1646 0 82
0 0
130.293 3.77
-3730495 -159303 947.96 968.72
-3717973 -162318 949.81 970.48
88 1580 0 0
0 0
130.293 3.77
-3415547 -101386 916.57 1022.48
-3402996 -104278 918.50 1024.17
89 2544 0 0
0 0
516.738 12.85
-3233331 -342954 972.04 1019.63
-3190593 -353243 981.58 1022.42
90 1594 0 0
0 0
130.293 3.77
-3225359 -97028 943.86 1050.10
-3212800 -99888 945.79 1051.81
91 2544 0 0
0 0
126.895 3.41
-3223730 -200177 950.50 1043.94
-3212393 -202905 952.38 1045.33
92 2544 0 0
0 0
31.2995 1.95
-3221494 -176535 948.88 1046.21
-3215000 -178097 949.93 1047.03
93 2544 0 0
0 0
776.656 10.71
-3228028 -271687 958.14 1035.06
-3192407 -280262 964.58 1038.90
94 2544 0 0
0 0
1055.61 14.17
-3229800 -295443 961.72 1030.96
-3182700 -306782 970.64 1035.64
95 2544 0 0
0 0
792.219 10.96
-3226602 -247850 955.12 1038.49
-3190172 -256619 961.50 1042.63
96 2544 0 0
0 0
786.287 11.20
-3225176 -224013 952.60 1041.42
-3187937 -232976 958.95 1045.82
97 2544 0 0
0 0
1500.84 25.03
-3231602 -319197 966.18 1025.98
-3148361 -339240 983.22 1032.98
98 2544 0 0
0 0
438.458 7.06
-3209204 -203679 952.91 1045.72
-3185714 -209334 956.83 1048.58
99 2544 0 0
0 0
180.256 4.07
-3204427 -180648 951.66 1048.36
-3190891 -183906 953.87 1050.05
100 2544 0 0
0 0
4.9673 0.67
-3199067 -157757 950.79 1050.77
-3196827 -158296 951.15 1051.06
101 2544 0 0
0 0
370.475 5.46
-3192251 -280311 964.61 1038.91
-3174085 -284685 967.94 1040.84
102 2544 0 0
0 0
385.407 5.65
-3184225 -258065 962.55 1043.29
-3165442 -262589 965.88 1045.39
103 2544 0 0
0 0
551.093 10.74
-3176210 -235819 960.97 1047.19
-3140508 -244420 967.13 1051.34
104 2544 0 0
0 0
1247.24 22.42
-3181734 -307041 970.83 1035.73
-3107194 -324997 985.47 1042.61
105 2544 0 0
0 0
1017.5 17.10
-3168196 -213572 959.77 1050.70
-3111345 -227273 969.39 1057.50
106 2544 0 0
0 0
488.181 19.70
-3166067 -286637 969.41 1041.67
-3100574 -302416 981.66 1048.34
