2 9 66 180 23510 
4 7
0 0 0
1514 40000 130.293 0 0
1540 40000 130.293 0 0
1541 40000 130.293 0 0
2346 50000 2001.51 2 0
1 2346 0 0
0 0
151.465 6.48
-5862187 -221338 571.40 660.85
-5841005 -227817 575.14 663.22
2 2346 0 0
0 0
595.632 11.04
-5849585 -200622 571.22 664.66
-5813491 -211673 577.47 668.85
3 2346 0 0
0 0
689.918 10.54
-5835512 -180352 571.56 668.39
-5801039 -190912 577.40 672.52
4 2346 0 0
0 0
564.498 9.96
-5821433 -160085 572.13 671.89
-5788878 -170062 577.53 675.90
5 1540 0 0
0 0
130.293 3.77
-5215012 105809 656.83 762.43
-5202467 102889 658.52 764.37
6 1541 0 0
0 0
130.293 3.77
-5150483 332323 692.18 745.73
-5137840 329865 693.38 748.18
7 1514 0 0
0 0
130.293 3.77
-4645370 98247 738.82 845.02
-4632802 95429 740.53 846.94
