4 17 186 180 23510 
77 147
0 0 0
69 10000 1591.08 2 0
75 40000 1234.06 2 1
83 50000 1234.22 2 0
114 50000 19.635 0 0
226 10000 1232.78 2 1
228 10000 1234.06 2 1
229 10000 1233.81 2 1
230 10000 1229.51 2 1
233 10000 1267.04 2 1
234 10000 1234.04 2 1
240 10000 694.033 2 1
241 10000 694.068 2 1
242 10000 694.217 2 1
244 10000 694.071 2 1
245 10000 308.374 2 1
246 10000 308.459 2 1
247 10000 308.443 2 1
248 10000 308.48 2 1
249 10000 308.515 2 1
250 10000 308.413 2 1
254 10000 308.511 2 1
255 10000 308.524 2 1
256 10000 308.499 2 1
257 10000 308.465 2 1
265 10000 308.57 2 1
266 10000 308.479 2 1
267 10000 308.657 2 1
271 10000 308.461 2 1
277 10000 308.636 2 1
278 10000 308.562 2 1
279 10000 308.473 2 1
280 10000 308.466 2 1
282 10000 308.648 2 1
283 10000 308.522 2 1
284 10000 308.568 2 1
285 10000 308.455 2 1
286 10000 308.568 2 1
293 10000 308.484 2 1
294 10000 308.64 2 1
295 10000 308.326 2 1
296 10000 308.605 2 1
300 10000 308.625 2 1
304 10000 308.559 2 1
347 10000 1233.81 2 0
351 10000 1267.04 2 0
362 10000 694.071 2 0
372 10000 308.511 2 0
373 10000 308.524 2 0
375 10000 308.465 2 0
383 10000 308.57 2 0
396 10000 308.562 2 0
397 10000 308.473 2 0
412 10000 308.64 2 0
413 10000 308.326 2 0
414 10000 308.605 2 0
453 50000 50.2655 0 0
483 40000 50.2655 0 0
527 40000 50.2655 0 0
561 40000 50.2655 0 0
605 40000 50.2655 0 0
618 40000 50.2655 0 0
636 40000 50.2655 0 0
639 40000 50.2655 0 0
647 40000 50.2655 0 0
670 40000 50.2655 0 0
676 40000 50.2655 0 0
691 40000 50.2655 0 0
711 30000 50.2655 0 0
734 30000 50.2655 0 0
738 30000 50.2655 0 0
795 30000 50.2655 0 0
817 30000 50.2655 0 0
829 30000 50.2655 0 0
849 30000 50.2655 0 0
927 20000 50.2655 0 0
948 20000 50.2655 0 0
954 20000 50.2655 0 0
1 647 0 0
0 0
50.2655 2.34
209822 261960 1425.20 1560.35
217652 260322 1426.19 1561.62
2 271 0 8
0 0
308.461 5.76
520935 -248317 1500.08 1506.73
540250 -252271 1503.05 1509.34
3 605 0 0
0 0
50.2655 2.34
411257 -116003 1445.74 1597.96
419091 -117623 1446.92 1599.03
4 639 0 0
0 0
50.2655 2.34
459272 -467118 1493.54 1564.01
467114 -468704 1495.14 1564.67
5 676 0 0
0 0
50.2655 2.34
473998 -380168 1477.24 1584.56
481838 -381761 1478.63 1585.44
6 734 0 0
0 0
50.2655 2.34
481492 -65331 1454.54 1609.42
489325 -66955 1455.70 1610.52
7 670 0 0
0 0
50.2655 2.34
529451 -416227 1491.56 1586.24
537293 -417812 1493.01 1587.06
8 271 0 2
0 0
308.461 5.76
520935 -248317 1568.62 1575.27
540250 -252271 1571.59 1577.88
9 483 0 0
0 0
50.2655 2.34
980442 -364779 1548.00 1659.97
988288 -366344 1549.36 1660.87
10 561 0 0
0 0
50.2655 2.34
1153099 316558 1566.73 1691.07
1160916 314854 1567.67 1692.39
11 954 0 0
0 0
50.2655 2.34
1168976 402394 1581.26 1681.12
1176788 400671 1582.08 1682.56
12 618 0 0
0 0
50.2655 2.34
1318407 -326552 1591.75 1713.77
1326254 -328109 1593.07 1714.71
13 948 0 0
0 0
50.2655 2.34
1423912 -7664 1589.94 1746.03
1431742 -9304 1591.07 1747.16
14 75 0 30
0 0
754.708 11.53
1782431 54657 1678.73 1692.18
1821001 46417 1684.26 1697.78
15 75 0 31
0 0
479.35 11.53
1787345 77647 1679.57 1692.76
1825905 69410 1685.08 1698.38
16 266 0 32
0 0
308.479 5.76
1797204 58809 1680.88 1694.29
1816484 54693 1683.64 1697.09
17 265 0 35
0 0
308.57 5.77
1849232 49586 1688.34 1701.84
1868524 45471 1691.11 1704.65
18 267 0 37
0 0
308.657 5.77
1882408 153243 1694.11 1705.65
1901679 149035 1696.83 1708.50
19 849 0 0
0 0
50.2655 2.34
1663736 99070 1625.95 1779.25
1671558 97391 1627.03 1780.42
20 234 0 40
0 0
754.639 11.53
1918843 168180 1699.62 1710.66
1957363 159710 1705.03 1716.37
21 234 0 41
0 0
479.4 11.53
1923892 191141 1700.80 1710.94
1962402 182673 1706.18 1716.68
22 527 0 0
0 0
50.2655 2.34
1712865 -241968 1640.47 1778.91
1720709 -243537 1641.72 1779.92
23 711 0 0
0 0
50.2655 2.34
1718770 63110 1633.05 1788.03
1726594 61440 1634.15 1789.19
24 453 0 0
0 0
50.2655 2.34
1753905 -97843 1638.93 1792.30
1761740 -99460 1640.10 1793.38
25 277 0 44
0 0
308.636 5.77
2027700 84219 1714.31 1727.40
2046981 80053 1717.06 1730.21
26 383 0 0
0 0
308.57 5.77
1849232 49586 1728.65 1730.09
1868524 45471 1729.21 1735.10
27 278 0 49
0 0
308.562 5.77
2115515 15198 1726.68 1740.37
2134808 11090 1729.46 1743.16
28 255 0 53
0 0
308.524 5.76
2149160 20977 1731.55 1745.22
2168441 16863 1734.32 1748.01
29 279 0 62
0 0
308.473 5.76
2232728 -26287 1743.62 1757.27
2252018 -30359 1746.41 1760.04
30 75 0 14
0 0
754.708 11.53
1782431 54657 1747.28 1760.73
1821001 46417 1752.81 1766.33
31 75 0 15
0 0
479.35 11.53
1787345 77647 1748.12 1761.31
1825905 69410 1753.63 1766.92
32 266 0 16
0 0
308.479 5.76
1797204 58809 1749.43 1762.84
1816484 54693 1752.19 1765.64
33 636 0 0
0 0
50.2655 2.34
2050083 -206916 1686.65 1830.07
2057926 -208492 1687.88 1831.10
34 280 0 65
0 0
308.466 5.76
2305365 -109330 1754.60 1767.26
2324672 -113316 1757.43 1770.00
35 265 0 17
0 0
308.57 5.77
1849232 49586 1756.89 1770.39
1868524 45471 1759.66 1773.19
36 396 0 0
0 0
308.562 5.77
2115515 15198 1760.95 1774.65
2134808 11090 1763.57 1777.60
37 267 0 18
0 0
308.657 5.77
1882408 153243 1762.66 1774.20
1901679 149035 1765.38 1777.05
38 256 0 69
0 0
308.499 5.76
2379661 -80918 1765.08 1778.22
2398961 -84939 1767.90 1780.98
39 373 0 0
0 0
308.524 5.76
2149160 20977 1766.13 1779.18
2168441 16863 1768.67 1782.21
40 234 0 20
0 0
754.639 11.53
1918843 168180 1768.17 1779.21
1957363 159710 1773.58 1784.92
41 234 0 21
0 0
479.4 11.53
1923892 191141 1769.35 1779.49
1962402 182673 1774.73 1785.23
42 397 0 0
0 0
308.473 5.76
2232728 -26287 1778.61 1790.83
2252018 -30359 1781.80 1793.21
43 304 0 79
0 0
308.559 5.77
2494653 -186109 1783.07 1793.43
2513989 -190011 1785.95 1796.14
44 277 0 25
0 0
308.636 5.77
2027700 84219 1782.86 1795.95
2046981 80053 1785.61 1798.76
45 257 0 81
0 0
308.465 5.76
2533844 26273 1787.08 1800.73
2553114 22112 1789.85 1803.52
46 240 0 82
0 0
585.004 8.65
2552657 -195698 1791.65 1801.59
2581652 -201539 1795.98 1805.64
47 240 0 83
0 0
109.029 7.12
2559861 -173165 1792.23 1803.10
2583733 -177974 1795.77 1806.45
48 300 0 85
0 0
308.625 5.77
2565053 262503 1795.80 1801.02
2584270 258050 1798.33 1804.05
49 278 0 27
0 0
308.562 5.77
2115515 15198 1795.23 1808.93
2134808 11090 1798.01 1811.71
50 228 0 89
0 0
754.406 11.53
2607070 -274485 1802.72 1806.23
2645772 -282082 1809.28 1810.85
51 228 0 92
0 0
479.656 11.53
2611613 -251416 1801.95 1808.32
2650311 -259010 1807.91 1813.53
52 226 0 94
0 0
754.314 11.53
2612066 -246336 1801.79 1808.61
2650732 -254002 1807.72 1813.84
53 255 0 28
0 0
308.524 5.76
2149160 20977 1800.10 1813.77
2168441 16863 1802.88 1816.56
54 226 0 96
0 0
478.466 11.52
2616657 -223277 1801.62 1810.10
2655305 -230937 1807.45 1815.43
55 283 0 97
0 0
308.522 5.76
2630491 -165055 1802.28 1813.44
2649811 -168984 1805.14 1816.16
56 829 0 0
0 0
50.2655 2.34
2406921 497844 1785.72 1834.01
2414693 495948 1785.99 1835.98
57 230 0 102
0 0
444.107 9.77
2664235 -267084 1810.40 1815.05
2697017 -273538 1815.62 1819.30
58 817 0 0
0 0
50.2655 2.34
2449586 165642 1741.96 1890.09
2457392 163891 1743.00 1891.30
59 230 0 105
0 0
329.102 8.34
2685477 -247295 1812.43 1819.16
2713460 -252797 1816.71 1822.96
60 927 0 0
0 0
50.2655 2.34
2461080 461081 1780.71 1854.66
2468854 459194 1781.31 1856.30
61 230 0 106
0 0
113.28 4.67
2706698 -227500 1814.76 1822.96
2722374 -230578 1817.12 1825.12
62 279 0 29
0 0
308.473 5.76
2232728 -26287 1812.17 1825.83
2252018 -30359 1814.97 1828.60
63 282 0 107
0 0
308.648 5.77
2721319 282118 1820.19 1821.74
2740520 277601 1822.30 1825.18
64 375 0 0
0 0
308.465 5.76
2533844 26273 1822.07 1834.30
2553114 22112 1824.52 1837.42
65 280 0 34
0 0
308.466 5.76
2305365 -109330 1823.16 1835.81
2324672 -113316 1825.99 1838.56
66 795 0 0
0 0
50.2655 2.34
2554923 -197819 1758.94 1903.51
2562766 -199398 1760.17 1904.55
67 691 0 0
0 0
50.2655 2.34
2614717 429483 1795.22 1884.50
2622490 427590 1795.94 1886.03
68 83 0 0
0 0
754.649 11.53
2612696 -166625 1822.24 1856.90
2651342 -174501 1829.53 1860.77
69 256 0 38
0 0
308.499 5.76
2379661 -80918 1833.64 1846.78
2398961 -84939 1836.45 1849.54
70 246 0 114
0 0
308.459 5.76
2857964 66582 1834.03 1847.36
2877213 62323 1836.78 1850.16
71 83 0 0
0 0
479.566 11.53
2617400 -143590 1819.03 1861.46
2656038 -151463 1825.79 1865.86
72 229 0 115
0 0
754.482 11.53
2869048 -38028 1835.50 1849.09
2907603 -46283 1841.09 1854.62
73 229 0 117
0 0
479.323 11.53
2873973 -15041 1836.16 1849.85
2912520 -23292 1841.74 1855.40
74 245 0 119
0 0
308.374 5.76
2917856 187911 1844.20 1854.48
2937064 183472 1846.88 1857.34
75 241 0 124
0 0
585.078 8.65
2957726 -90637 1848.60 1861.59
2986671 -96720 1852.83 1865.72
76 294 0 125
0 0
308.64 5.77
2962680 10010 1848.96 1862.66
2981954 5812 1851.74 1865.45
77 254 0 126
0 0
308.511 5.76
2966385 -31208 1849.53 1863.16
2985661 -35344 1852.32 1865.93
78 241 0 127
0 0
108.989 7.12
2965112 -68165 1849.50 1862.82
2988944 -73173 1852.98 1866.23
79 304 0 43
0 0
308.559 5.77
2494653 -186109 1851.63 1861.99
2513989 -190011 1854.51 1864.69
80 284 0 128
0 0
308.568 5.77
2986080 -73971 1852.57 1865.81
3005380 -78049 1855.38 1868.57
81 257 0 45
0 0
308.465 5.76
2533844 26273 1855.64 1869.29
2553114 22112 1858.41 1872.08
82 240 0 46
0 0
585.004 8.65
2552657 -195698 1860.21 1870.15
2581652 -201539 1864.54 1874.20
83 240 0 47
0 0
109.029 7.12
2559861 -173165 1860.79 1871.66
2583733 -177974 1864.33 1875.01
84 242 0 129
0 0
585.359 8.65
3033016 -83751 1859.41 1872.51
3061955 -89860 1863.64 1876.65
85 300 0 48
0 0
308.625 5.77
2565053 262503 1864.36 1869.58
2584270 258050 1866.89 1872.61
86 242 0 130
0 0
108.858 7.12
3040422 -61287 1860.34 1873.73
3064258 -66317 1863.81 1877.14
87 293 0 131
0 0
308.484 5.76
3042627 280574 1866.30 1868.40
3061797 275971 1868.51 1871.73
88 296 0 132
0 0
308.605 5.77
3072943 -38338 1864.93 1878.52
3092229 -42478 1867.73 1881.29
89 228 0 50
0 0
754.406 11.53
2607070 -274485 1871.28 1874.79
2645772 -282082 1877.84 1879.41
90 69 0 0
0 0
217.664 6.85
2852081 -7687 1856.72 1891.53
2875010 -12563 1860.09 1894.78
91 69 0 0
0 0
475.452 8.62
2850466 -31379 1857.05 1890.73
2879298 -37510 1861.48 1894.63
92 228 0 51
0 0
479.656 11.53
2611613 -251416 1870.51 1876.88
2650311 -259010 1876.47 1882.09
93 69 0 0
0 0
481.558 8.69
2854502 -56273 1859.04 1889.91
2883589 -62457 1863.75 1893.60
94 226 0 52
0 0
754.314 11.53
2612066 -246336 1870.35 1877.17
2650732 -254002 1876.28 1882.40
95 69 0 0
0 0
416.408 7.97
2858540 -81167 1862.14 1887.98
2885215 -86837 1866.79 1891.03
96 226 0 54
0 0
478.466 11.52
2616657 -223277 1870.19 1878.66
2655305 -230937 1876.01 1883.99
97 283 0 55
0 0
308.522 5.76
2630491 -165055 1870.84 1882.00
2649811 -168984 1873.70 1884.72
98 347 0 0
0 0
754.482 11.53
2869048 -38028 1871.93 1881.23
2907603 -46283 1879.47 1884.81
99 295 0 133
0 0
308.326 5.76
3118809 -1302 1871.49 1885.21
3138071 -5502 1874.27 1887.98
100 347 0 0
0 0
479.323 11.53
2873973 -15041 1870.43 1884.15
2912520 -23292 1876.49 1889.21
101 286 0 134
0 0
308.568 5.77
3131511 259207 1877.38 1882.98
3150692 254606 1879.92 1885.99
102 230 0 57
0 0
444.107 9.77
2664235 -267084 1878.96 1883.62
2697017 -273538 1884.18 1887.86
103 244 0 136
0 0
585.123 8.65
3150681 10883 1876.10 1889.80
3179569 4535 1880.26 1893.98
104 244 0 137
0 0
108.948 7.12
3158264 33287 1877.23 1890.85
3182057 28060 1880.66 1894.30
105 230 0 59
0 0
329.102 8.34
2685477 -247295 1880.99 1887.73
2713460 -252797 1885.27 1891.52
106 230 0 61
0 0
113.28 4.67
2706698 -227500 1883.32 1891.52
2722374 -230578 1885.68 1893.68
107 282 0 63
0 0
308.648 5.77
2721319 282118 1888.76 1890.31
2740520 277601 1890.86 1893.74
108 412 0 0
0 0
308.64 5.77
2962680 10010 1883.04 1897.14
2981954 5812 1885.73 1900.02
109 372 0 0
0 0
308.511 5.76
2966385 -31208 1885.02 1896.24
2985661 -35344 1888.34 1898.48
110 247 0 139
0 0
308.443 5.76
3231746 -96315 1888.20 1901.10
3251037 -100380 1891.02 1903.85
111 285 0 140
0 0
308.455 5.76
3253878 203836 1893.07 1902.62
3273061 199288 1895.73 1905.50
112 414 0 0
0 0
308.605 5.77
3072943 -38338 1901.41 1910.61
3092229 -42478 1905.03 1912.56
113 248 0 141
0 0
308.48 5.76
3324692 65127 1901.40 1914.75
3343922 60785 1904.15 1917.55
114 246 0 70
0 0
308.459 5.76
2857964 66582 1902.59 1915.92
2877213 62323 1905.35 1918.73
115 229 0 72
0 0
754.482 11.53
2869048 -38028 1904.06 1917.65
2907603 -46283 1909.66 1923.19
116 413 0 0
0 0
308.326 5.76
3118809 -1302 1905.44 1919.83
3138071 -5502 1908.26 1922.57
117 229 0 73
0 0
479.323 11.53
2873973 -15041 1904.72 1918.42
2912520 -23292 1910.30 1923.97
118 249 0 142
0 0
308.515 5.76
3360469 -58802 1906.53 1919.95
3379744 -62944 1909.33 1922.71
119 245 0 74
0 0
308.374 5.76
2917856 187911 1912.76 1923.05
2937064 183472 1915.45 1925.91
120 362 0 0
0 0
585.123 8.65
3150681 10883 1910.21 1924.26
3179569 4535 1914.24 1928.57
121 362 0 0
0 0
108.948 7.12
3158264 33287 1912.97 1923.68
3182057 28060 1915.82 1927.71
122 233 0 144
0 0
1002.02 19.71
3379717 45748 1909.25 1922.78
3445495 30942 1918.70 1932.33
123 233 0 145
0 0
265.017 13.18
3403483 64493 1912.77 1926.12
3447470 54597 1919.07 1932.53
124 241 0 75
0 0
585.078 8.65
2957726 -90637 1917.16 1930.16
2986671 -96720 1921.39 1934.29
125 294 0 76
0 0
308.64 5.77
2962680 10010 1917.52 1931.23
2981954 5812 1920.30 1934.01
126 254 0 77
0 0
308.511 5.76
2966385 -31208 1918.10 1931.73
2985661 -35344 1920.89 1934.50
127 241 0 78
0 0
108.989 7.12
2965112 -68165 1918.07 1931.38
2988944 -73173 1921.54 1934.79
128 284 0 80
0 0
308.568 5.77
2986080 -73971 1921.14 1934.38
3005380 -78049 1923.95 1937.13
129 242 0 84
0 0
585.359 8.65
3033016 -83751 1927.98 1941.08
3061955 -89860 1932.21 1945.21
130 242 0 86
0 0
108.858 7.12
3040422 -61287 1928.91 1942.30
3064258 -66317 1932.37 1945.71
131 293 0 87
0 0
308.484 5.76
3042627 280574 1934.87 1936.97
3061797 275971 1937.07 1940.30
132 296 0 88
0 0
308.605 5.77
3072943 -38338 1933.50 1947.09
3092229 -42478 1936.30 1949.86
133 295 0 99
0 0
308.326 5.76
3118809 -1302 1940.06 1953.78
3138071 -5502 1942.84 1956.56
134 286 0 101
0 0
308.568 5.77
3131511 259207 1945.95 1951.55
3150692 254606 1948.49 1954.56
135 250 0 146
0 0
308.413 5.76
3629294 110139 1945.73 1958.37
3648490 105648 1948.46 1961.19
136 244 0 103
0 0
585.123 8.65
3150681 10883 1944.67 1958.37
3179569 4535 1948.83 1962.55
137 244 0 104
0 0
108.948 7.12
3158264 33287 1945.81 1959.42
3182057 28060 1949.23 1962.87
138 351 0 0
0 0
1002.02 19.71
3379717 45748 1947.45 1953.16
3445495 30942 1954.16 1965.44
139 247 0 110
0 0
308.443 5.76
3231746 -96315 1956.77 1969.68
3251037 -100380 1959.60 1972.42
140 285 0 111
0 0
308.455 5.76
3253878 203836 1961.65 1971.19
3273061 199288 1964.31 1974.07
141 248 0 113
0 0
308.48 5.76
3324692 65127 1969.97 1983.32
3343922 60785 1972.72 1986.12
142 249 0 118
0 0
308.515 5.76
3360469 -58802 1975.10 1988.52
3379744 -62944 1977.91 1991.28
143 738 0 0
0 0
50.2655 2.34
3621749 462620 1948.69 2021.81
3629475 460545 1949.23 2023.50
144 233 0 122
0 0
1002.02 19.71
3379717 45748 1977.82 1991.36
3445495 30942 1987.27 2000.91
145 233 0 123
0 0
265.017 13.18
3403483 64493 1981.34 1994.70
3447470 54597 1987.64 2001.10
146 250 0 135
0 0
308.413 5.76
3629294 110139 2014.31 2026.95
3648490 105648 2017.04 2029.77
147 114 0 0
0 0
19.635 1.46
4019224 502198 2020.59 2064.71
4024033 500831 2020.60 2066.08
