3 25 22 180 23510 
150 342
0 0 0
6 50000 1258.67 2 0
9 40000 1258.82 2 1
13 40000 1258.56 2 1
17 30000 1258.55 2 1
27 50000 1234.02 2 1
28 50000 1234.17 2 1
29 50000 1233.91 2 1
30 50000 1234.13 2 1
72 50000 78.5398 0 0
81 50000 78.5398 0 0
84 30000 1233.98 2 0
93 40000 1233.94 2 0
107 20000 1233.9 2 0
129 40000 1234.09 2 0
149 10000 1303.9 2 0
151 30000 1205.17 2 1
152 20000 3405.66 2 1
153 50000 2715 2 1
164 50000 19.635 0 0
167 50000 19.635 0 0
173 50000 19.635 0 0
179 50000 19.635 0 0
184 50000 19.635 0 0
211 50000 19.635 0 0
214 50000 19.635 0 0
218 50000 19.635 0 0
226 50000 19.635 0 0
230 50000 19.635 0 0
238 50000 19.635 0 0
241 40000 19.635 0 0
244 50000 19.635 0 0
247 50000 19.635 0 0
254 50000 19.635 0 1
275 50000 1233.91 2 0
283 40000 1234.14 2 1
285 40000 1234.03 2 1
287 40000 1234.04 2 1
288 40000 1234.06 2 1
289 40000 1233.94 2 1
290 40000 1234.24 2 1
291 40000 1234.06 2 1
292 40000 1232.63 2 1
293 40000 694.305 2 1
294 40000 694.078 2 1
295 40000 694.165 2 1
296 40000 693.333 2 1
299 40000 694.115 2 1
306 40000 308.541 2 1
307 40000 308.348 2 1
308 40000 308.564 2 1
311 40000 308.564 2 1
312 40000 308.43 2 1
313 40000 308.574 2 1
330 40000 308.508 2 1
331 40000 308.624 2 1
332 40000 308.537 2 1
333 40000 308.568 2 1
334 40000 308.507 2 1
335 40000 308.53 2 1
336 40000 308.453 2 1
337 40000 308.411 2 1
338 40000 308.479 2 1
339 40000 308.474 2 1
340 40000 308.483 2 1
341 40000 308.57 2 1
342 40000 308.528 2 1
343 40000 308.472 2 1
344 40000 308.518 2 1
345 40000 308.507 2 1
351 40000 308.479 2 1
352 40000 308.588 2 1
353 40000 308.572 2 1
355 40000 308.505 2 1
356 40000 308.606 2 1
357 30000 308.622 2 1
358 30000 308.597 2 1
359 30000 308.512 2 1
372 40000 308.554 2 1
375 40000 308.491 2 1
376 40000 308.438 2 1
377 40000 308.448 2 1
378 40000 308.443 2 1
379 40000 308.456 2 1
380 40000 308.424 2 1
381 40000 308.408 2 1
383 40000 308.445 2 1
384 40000 308.516 2 1
385 40000 308.42 2 1
386 40000 308.508 2 1
387 40000 308.502 2 1
390 40000 308.524 2 1
395 40000 308.469 2 1
396 40000 308.452 2 1
401 40000 308.537 2 1
406 40000 308.46 2 1
410 40000 308.607 2 1
411 40000 308.445 2 1
412 40000 308.507 2 1
415 40000 308.496 2 1
416 40000 308.487 2 1
417 40000 308.417 2 1
418 40000 308.599 2 1
419 40000 308.519 2 1
420 40000 308.65 2 1
421 40000 308.5 2 1
422 40000 308.618 2 1
423 40000 308.459 2 1
425 40000 308.635 2 1
435 40000 308.495 2 1
438 40000 308.656 2 1
458 40000 1234.04 2 0
459 40000 1234.06 2 0
460 40000 1233.94 2 0
466 40000 694.165 2 0
501 40000 308.508 2 0
502 40000 308.624 2 0
503 40000 308.537 2 0
504 40000 308.568 2 0
505 40000 308.507 2 0
509 40000 308.479 2 0
514 40000 308.472 2 0
546 40000 308.491 2 0
550 40000 308.456 2 0
551 40000 308.424 2 0
561 40000 308.524 2 0
566 40000 308.469 2 0
572 40000 308.537 2 0
586 40000 308.496 2 0
593 40000 308.618 2 0
629 40000 1125.3 2 0
630 40000 307.792 2 0
631 40000 461.31 2 0
632 40000 1128.49 2 0
633 40000 391.97 2 0
634 40000 102.728 2 0
635 40000 193.871 2 0
636 40000 212.088 2 0
637 40000 692.557 2 0
640 40000 368.485 2 0
641 40000 1154.95 2 0
647 40000 1061.59 2 0
648 40000 470.999 2 0
653 30000 1121.08 2 0
654 30000 965.416 2 0
658 30000 343.002 2 0
659 30000 233.999 2 0
660 30000 360.525 2 0
661 30000 732.571 2 0
662 30000 1242.07 2 0
669 30000 1258.55 2 0
1 238 0 0
0 0
19.635 1.46
-7291922 185093 336.34 482.62
-7287129 183669 336.95 483.39
2 211 0 0
0 0
19.635 1.46
-6705533 268483 427.13 561.35
-6700670 267318 427.73 562.16
3 17 0 23
0 0
497.844 10.37
-6410757 23785 495.68 509.36
-6376643 14045 500.60 514.31
4 173 0 0
0 0
19.635 1.46
-6632663 -299042 440.61 568.94
-6627998 -300842 441.47 569.42
5 17 0 24
0 0
760.704 10.37
-6404297 46393 496.69 510.23
-6370184 36650 501.58 515.20
6 84 0 0
0 0
754.553 11.53
-6609985 -353675 450.41 565.69
-6573323 -368184 457.78 568.92
7 84 0 0
0 0
479.428 11.53
-6601364 -331817 448.83 569.76
-6564711 -346326 455.97 573.22
8 344 0 52
0 0
308.518 5.76
-6207171 -151889 526.15 537.75
-6188394 -157894 528.96 540.37
9 285 0 61
0 0
754.505 11.53
-6174259 -127387 530.57 542.84
-6136590 -139073 536.17 548.13
10 669 0 0
0 0
497.844 10.37
-6410757 23785 530.52 543.18
-6376643 14045 534.87 548.69
11 285 0 63
0 0
479.528 11.53
-6167296 -104934 531.33 544.09
-6129636 -116621 536.90 549.41
12 669 0 0
0 0
760.704 10.37
-6404297 46393 535.15 540.41
-6370184 36650 537.83 547.59
13 28 0 71
0 0
754.745 11.53
-6132755 -160415 537.04 548.37
-6095140 -172274 542.68 553.60
14 28 0 74
0 0
479.425 11.53
-6125693 -137994 537.73 549.72
-6088087 -149854 543.33 554.99
15 339 0 88
0 0
308.474 5.76
-6086797 -62946 542.65 556.04
-6067882 -68501 545.42 558.74
16 338 0 90
0 0
308.479 5.76
-6083452 -21127 542.99 556.67
-6064490 -26521 545.74 559.40
17 345 0 100
0 0
308.507 5.76
-6041750 -274153 554.07 557.64
-6023066 -280446 557.48 559.63
18 335 0 107
0 0
308.53 5.76
-6031022 -145976 551.52 563.29
-6012185 -151793 554.33 565.93
19 244 0 0
0 0
19.635 1.46
-6224135 -325974 502.65 624.98
-6219431 -327667 503.54 625.46
20 340 0 127
0 0
308.483 5.76
-5967224 -76982 560.02 573.23
-5948296 -82493 562.80 575.93
21 292 0 134
0 0
754.296 11.53
-5954303 167759 562.96 574.03
-5915951 158656 568.35 579.73
22 292 0 135
0 0
478.335 11.52
-5948840 190632 564.20 574.37
-5910507 181529 569.55 580.10
23 17 0 3
0 0
497.844 10.37
-6410757 23785 564.33 578.01
-6376643 14045 569.24 582.95
24 17 0 5
0 0
760.704 10.37
-6404297 46393 565.33 578.87
-6370184 36650 570.22 583.84
25 336 0 137
0 0
308.453 5.76
-5912642 -161068 568.86 580.17
-5893790 -166837 571.69 582.79
26 287 0 138
0 0
754.634 11.53
-5906924 -23538 568.50 582.18
-5868900 -34013 574.02 587.65
27 291 0 139
0 0
754.567 11.53
-5903433 186667 570.68 581.02
-5865014 177751 576.05 586.75
28 287 0 140
0 0
479.404 11.53
-5900671 -873 569.38 583.11
-5862657 -11350 574.88 588.60
29 291 0 141
0 0
479.492 11.53
-5898090 209568 571.99 581.25
-5859680 200650 577.31 587.03
30 288 0 142
0 0
754.648 11.53
-5894087 9553 570.34 584.06
-5855993 -664 575.84 589.57
31 288 0 146
0 0
479.416 11.53
-5887984 32259 571.26 584.90
-5849901 22040 576.74 590.43
32 332 0 150
0 0
308.537 5.77
-5860648 30694 575.21 588.85
-5841578 25648 577.95 591.62
33 330 0 151
0 0
308.508 5.76
-5858816 -10069 575.44 589.15
-5839797 -15258 578.19 591.90
34 331 0 152
0 0
308.624 5.77
-5851065 14899 576.56 590.27
-5832009 9802 579.31 593.03
35 341 0 153
0 0
308.57 5.77
-5851045 107855 577.07 589.77
-5831902 103095 579.79 592.58
36 509 0 0
0 0
308.479 5.76
-6083452 -21127 577.63 590.67
-6064490 -26521 580.79 592.99
37 333 0 155
0 0
308.568 5.77
-5839610 38909 578.27 591.87
-5820529 33905 581.01 594.64
38 289 0 157
0 0
754.369 11.53
-5838656 -9153 578.35 592.07
-5800589 -19430 583.86 597.56
39 289 0 160
0 0
479.572 11.53
-5832518 13542 579.24 592.95
-5794461 3264 584.73 598.46
40 342 0 161
0 0
308.528 5.76
-5809570 174290 583.99 594.83
-5790375 169797 586.68 597.69
41 337 0 163
0 0
308.411 5.76
-5800562 67675 584.05 597.38
-5781459 62801 586.78 600.17
42 343 0 165
0 0
308.472 5.76
-5798642 -25478 584.16 597.83
-5779626 -30681 586.92 600.56
43 334 0 166
0 0
308.507 5.76
-5794018 47524 584.89 598.42
-5774932 42582 587.63 601.20
44 81 0 0
0 0
78.5398 2.92
-6024126 -344745 533.90 651.54
-6014689 -348050 535.70 652.47
45 254 0 179
0 0
19.635 1.46
-5748264 -283950 572.92 619.05
-5743504 -285482 573.66 619.68
46 293 0 172
0 0
585.253 8.65
-5772433 166335 589.22 600.34
-5743632 159601 593.26 604.62
47 290 0 173
0 0
754.591 11.53
-5775781 -152298 588.50 600.09
-5737961 -163487 594.15 605.37
48 313 0 175
0 0
308.574 5.77
-5764632 80578 589.32 602.49
-5745502 75768 592.06 605.28
49 293 0 176
0 0
109.053 7.12
-5764514 188633 590.79 601.05
-5740790 183083 594.10 604.60
50 290 0 177
0 0
479.648 11.53
-5769116 -129755 589.15 601.36
-5731305 -140945 594.76 606.68
51 351 0 178
0 0
308.479 5.76
-5748676 -119954 591.99 604.43
-5729742 -125449 594.79 607.10
52 344 0 8
0 0
308.518 5.76
-6207171 -151889 594.79 606.39
-6188394 -157894 597.60 609.01
53 294 0 180
0 0
585.098 8.65
-5734574 246159 596.83 603.67
-5705670 239880 600.75 608.10
54 294 0 183
0 0
108.98 7.12
-5727004 268579 599.12 603.57
-5703200 263406 602.22 607.34
55 312 0 184
0 0
308.43 5.76
-5719477 152276 596.64 608.22
-5700290 147745 599.34 611.06
56 247 0 0
0 0
19.635 1.46
-5941118 -420813 558.22 651.21
-5936414 -422509 559.25 651.55
57 387 0 190
0 0
308.502 5.76
-5700288 214355 600.70 609.70
-5681049 210053 603.37 612.60
58 311 0 192
0 0
308.564 5.77
-5697011 264832 603.20 608.15
-5677721 260709 605.75 611.18
59 662 0 0
0 0
198.966 6.60
-5936235 145512 573.97 636.88
-5914331 140004 576.61 640.57
60 356 0 193
0 0
308.606 5.77
-5694332 -150694 600.25 611.88
-5675407 -156256 603.07 614.53
61 285 0 9
0 0
754.505 11.53
-6174259 -127387 599.21 611.48
-6136590 -139073 604.80 616.77
62 662 0 0
0 0
246.847 8.00
-5929639 119618 572.69 640.06
-5903104 112941 576.05 644.37
63 285 0 11
0 0
479.528 11.53
-6167296 -104934 599.97 612.73
-6129636 -116621 605.53 618.05
64 662 0 0
0 0
323.649 7.77
-5922367 93549 572.05 642.81
-5896599 87061 575.42 646.88
65 636 0 0
0 0
212.088 5.12
-5917961 190855 582.24 633.89
-5900917 186880 584.09 636.96
66 662 0 0
0 0
252.758 7.02
-5913443 67062 572.09 645.35
-5890148 61193 575.24 648.93
67 637 0 0
0 0
290.661 12.38
-5920060 157885 577.59 637.93
-5878919 147883 582.49 644.92
68 662 0 0
0 0
219.85 7.26
-5905624 40850 572.41 647.28
-5881560 34784 575.76 650.89
69 458 0 0
0 0
754.634 11.53
-5906924 -23538 603.31 616.01
-5868900 -34013 609.89 620.42
70 458 0 0
0 0
479.404 11.53
-5900671 -873 603.36 617.76
-5862657 -11350 609.04 623.07
71 28 0 13
0 0
754.745 11.53
-6132755 -160415 605.68 617.01
-6095140 -172274 611.32 622.23
72 459 0 0
0 0
754.648 11.53
-5894087 9553 604.44 618.58
-5855993 -664 609.82 624.22
73 27 0 204
0 0
754.394 11.53
-5652855 -186041 606.87 617.24
-5615056 -197263 612.58 622.46
74 28 0 14
0 0
479.425 11.53
-6125693 -137994 606.36 618.36
-6088087 -149854 611.97 623.63
75 355 0 206
0 0
308.505 5.76
-5640094 -48817 607.14 620.66
-5621072 -53997 609.91 623.39
76 459 0 0
0 0
479.416 11.53
-5887984 32259 606.91 617.88
-5849901 22040 611.44 624.36
77 27 0 207
0 0
479.625 11.53
-5646171 -163504 607.41 618.63
-5608381 -174727 613.07 623.89
78 353 0 208
0 0
308.572 5.77
-5636159 -223010 610.22 618.72
-5617291 -228764 613.13 621.26
79 637 0 0
0 0
401.896 16.59
-5895635 127777 578.25 644.33
-5840517 114341 585.19 653.32
80 634 0 0
0 0
102.728 3.50
-5868088 -16340 577.44 653.10
-5856545 -19507 579.14 654.74
81 395 0 209
0 0
308.469 5.76
-5633118 8811 608.05 621.77
-5614043 3828 610.80 624.53
82 72 0 0
0 0
78.5398 2.92
-5859396 448505 576.22 656.84
-5849552 446746 577.21 658.69
83 501 0 0
0 0
308.508 5.76
-5858816 -10069 609.56 623.66
-5839797 -15258 612.50 626.21
84 503 0 0
0 0
308.537 5.77
-5860648 30694 610.67 622.02
-5841578 25648 612.93 625.28
85 380 0 213
0 0
308.424 5.76
-5613127 -2081 610.94 624.66
-5594058 -7088 613.69 627.41
86 502 0 0
0 0
308.624 5.77
-5851065 14899 610.86 624.60
-5832009 9802 613.42 627.54
87 635 0 0
0 0
66.3431 3.27
-5845609 -22719 580.76 656.28
-5834823 -25646 582.36 657.80
88 339 0 15
0 0
308.474 5.76
-6086797 -62946 611.29 624.68
-6067882 -68501 614.06 627.38
89 635 0 0
0 0
127.528 3.74
-5843837 1160 580.87 656.68
-5831485 -2192 582.66 658.46
90 338 0 16
0 0
308.479 5.76
-6083452 -21127 611.62 625.31
-6064490 -26521 614.37 628.04
91 660 0 0
0 0
102.646 4.81
-5839445 16866 581.58 657.23
-5823520 12683 583.85 659.57
92 504 0 0
0 0
308.568 5.77
-5839610 38909 614.88 623.89
-5820529 33905 616.86 627.42
93 460 0 0
0 0
754.369 11.53
-5838656 -9153 612.44 626.60
-5800589 -19430 618.39 631.66
94 411 0 216
0 0
308.445 5.76
-5589566 150480 615.38 627.02
-5570367 146000 618.09 629.86
95 352 0 217
0 0
308.588 5.77
-5584934 -128665 615.76 627.99
-5565965 -134075 618.56 630.66
96 460 0 0
0 0
479.572 11.53
-5832518 13542 613.48 627.34
-5794461 3264 618.72 633.10
97 660 0 0
0 0
257.879 9.50
-5825579 37537 583.90 658.92
-5794173 29275 588.29 663.61
98 633 0 0
0 0
177.43 6.08
-5815668 -26828 585.14 660.55
-5795587 -32281 588.13 663.36
99 659 0 0
0 0
181.126 4.34
-5806176 18954 586.41 662.02
-5791837 15176 588.45 664.13
100 345 0 17
0 0
308.507 5.76
-6041750 -274153 622.71 626.28
-6023066 -280446 626.12 628.27
101 164 0 0
0 0
19.635 1.46
-5796084 -489453 597.95 653.40
-5791386 -491165 599.31 653.40
102 633 0 0
0 0
214.541 3.80
-5800956 -6462 587.08 662.86
-5788414 -9870 588.91 664.66
103 379 0 219
0 0
308.456 5.76
-5564655 -14827 617.95 631.66
-5545591 -19848 620.71 634.40
104 661 0 0
0 0
73.4922 3.60
-5798441 177764 597.60 653.06
-5786432 175073 598.98 655.16
105 514 0 0
0 0
308.472 5.76
-5798642 -25478 619.12 631.49
-5779626 -30681 622.38 633.73
106 659 0 0
0 0
52.8731 2.06
-5792273 39605 588.76 663.69
-5785453 37806 589.71 664.71
107 335 0 18
0 0
308.53 5.76
-6031022 -145976 620.16 631.93
-6012185 -151793 622.96 634.57
108 9 0 221
0 0
581.828 10.37
-5562451 243163 621.58 628.66
-5527751 235776 626.31 633.96
109 505 0 0
0 0
308.507 5.76
-5794018 47524 623.80 628.14
-5774932 42582 624.99 632.47
110 661 0 0
0 0
155.146 5.29
-5788558 199654 602.38 651.14
-5770901 195692 604.26 654.36
111 658 0 0
0 0
343.002 7.65
-5791854 173266 597.96 654.61
-5766377 167302 600.89 659.04
112 9 0 222
0 0
676.996 10.37
-5557532 266159 623.44 628.22
-5522833 258769 628.02 633.67
113 384 0 223
0 0
308.516 5.76
-5544087 254207 624.72 630.83
-5524806 250097 627.31 633.81
114 241 0 0
0 0
19.635 1.46
-5768676 -106335 553.11 706.16
-5763871 -107718 553.85 706.81
115 386 0 226
0 0
308.508 5.76
-5532026 239722 625.84 633.20
-5512754 235566 628.47 636.13
116 661 0 0
0 0
290.165 8.52
-5775685 220879 608.48 648.77
-5747272 214493 611.18 654.28
117 107 0 0
0 0
754.458 11.53
-5778774 165182 610.54 645.81
-5740376 156224 614.45 653.00
118 425 0 228
0 0
308.635 5.77
-5524753 -116358 624.31 636.83
-5505761 -121687 627.11 639.51
119 283 0 229
0 0
754.745 11.53
-5530757 252672 626.57 632.83
-5492170 244509 631.79 638.76
120 107 0 0
0 0
479.446 11.53
-5773406 188077 617.08 640.83
-5735017 179117 620.00 648.99
121 283 0 230
0 0
479.393 11.53
-5525857 275673 628.77 632.05
-5487280 267507 633.68 638.28
122 632 0 0
0 0
127.855 4.31
-5746600 -168897 603.95 661.70
-5732458 -173067 606.52 663.22
123 661 0 0
0 0
213.768 6.30
-5754237 240174 616.96 646.48
-5733206 235438 618.47 651.05
124 385 0 232
0 0
308.42 5.76
-5506734 239955 629.50 636.84
-5487461 235808 632.13 639.78
125 383 0 233
0 0
308.445 5.76
-5499060 276074 632.68 635.88
-5479760 272051 635.11 639.03
126 381 0 234
0 0
308.408 5.76
-5493591 254166 632.01 638.13
-5474306 250071 634.61 641.11
127 340 0 20
0 0
308.483 5.76
-5967224 -76982 628.65 641.87
-5948296 -82493 631.43 644.56
128 396 0 235
0 0
308.452 5.76
-5485357 -125282 630.10 642.42
-5466376 -130612 632.91 645.10
129 412 0 236
0 0
308.507 5.76
-5484998 126044 630.16 642.46
-5465808 121526 632.88 645.29
130 632 0 0
0 0
961.099 23.99
-5739017 -146638 602.58 665.26
-5660323 -169881 616.54 674.05
131 419 0 238
0 0
308.519 5.76
-5479730 224302 632.87 641.28
-5460466 220111 635.52 644.19
132 358 0 240
0 0
308.597 5.77
-5471908 -224291 634.00 642.41
-5453003 -229924 636.91 644.96
133 357 0 241
0 0
308.622 5.77
-5470177 -151576 632.65 644.26
-5451206 -156981 635.48 646.91
134 292 0 21
0 0
754.296 11.53
-5954303 167759 631.59 642.67
-5915951 158656 636.98 648.36
135 292 0 22
0 0
478.335 11.52
-5948840 190632 632.83 643.00
-5910507 181529 638.18 648.73
136 632 0 0
0 0
39.5408 3.21
-5676695 -140551 611.00 674.85
-5666180 -143661 612.82 676.08
137 336 0 25
0 0
308.453 5.76
-5912642 -161068 637.50 648.80
-5893790 -166837 640.32 651.43
138 287 0 26
0 0
754.634 11.53
-5906924 -23538 637.13 650.81
-5868900 -34013 642.66 656.28
139 291 0 27
0 0
754.567 11.53
-5903433 186667 639.31 649.65
-5865014 177751 644.68 655.38
140 287 0 28
0 0
479.404 11.53
-5900671 -873 638.01 651.74
-5862657 -11350 643.51 657.23
141 291 0 29
0 0
479.492 11.53
-5898090 209568 640.62 649.88
-5859680 200650 645.95 655.66
142 288 0 30
0 0
754.648 11.53
-5894087 9553 638.97 652.69
-5855993 -664 644.47 658.20
143 640 0 0
0 0
272.83 6.74
-5647087 -55226 610.16 684.25
-5624837 -61293 613.58 687.26
144 410 0 257
0 0
308.607 5.77
-5409406 272676 645.32 649.15
-5390092 268663 647.81 652.25
145 640 0 0
0 0
95.6554 3.53
-5638936 -33081 610.79 685.98
-5627287 -36258 612.53 687.60
146 288 0 31
0 0
479.416 11.53
-5887984 32259 639.89 653.53
-5849901 22040 645.37 659.06
147 415 0 259
0 0
308.496 5.76
-5395945 29947 642.36 656.00
-5376821 25159 645.11 658.78
148 566 0 0
0 0
308.469 5.76
-5633118 8811 642.13 656.31
-5614043 3828 644.80 659.16
149 167 0 0
0 0
19.635 1.46
-5617708 -415588 603.93 698.97
-5612973 -417195 604.92 699.34
150 332 0 32
0 0
308.537 5.77
-5860648 30694 643.84 657.48
-5841578 25648 646.58 660.25
151 330 0 33
0 0
308.508 5.76
-5858816 -10069 644.07 657.78
-5839797 -15258 646.82 660.53
152 331 0 34
0 0
308.624 5.77
-5851065 14899 645.19 658.90
-5832009 9802 647.94 661.66
153 341 0 35
0 0
308.57 5.77
-5851045 107855 645.70 658.40
-5831902 103095 648.42 661.21
154 551 0 0
0 0
308.424 5.76
-5613127 -2081 644.92 659.31
-5594058 -7088 647.74 661.99
155 333 0 37
0 0
308.568 5.77
-5839610 38909 646.90 660.50
-5820529 33905 649.64 663.27
156 13 0 261
0 0
832.219 10.37
-5366725 -119037 647.17 659.63
-5332510 -128416 652.23 664.47
157 289 0 38
0 0
754.369 11.53
-5838656 -9153 646.98 660.70
-5800589 -19430 652.49 666.19
158 13 0 262
0 0
426.337 10.37
-5360518 -96362 647.85 660.75
-5326303 -105744 652.87 665.61
159 153 0 260
0 0
548.055 19.62
-5388041 21894 643.49 661.73
-5322932 5703 652.87 671.16
160 289 0 39
0 0
479.572 11.53
-5832518 13542 647.87 661.58
-5794461 3264 653.36 667.09
161 342 0 40
0 0
308.528 5.76
-5809570 174290 652.62 663.46
-5790375 169797 655.31 666.32
162 550 0 0
0 0
308.456 5.76
-5564655 -14827 652.24 665.99
-5545591 -19848 655.26 668.47
163 337 0 41
0 0
308.411 5.76
-5800562 67675 652.68 666.01
-5781459 62801 655.41 668.80
164 418 0 265
0 0
308.599 5.77
-5325192 217221 654.98 663.82
-5305912 213052 657.65 666.73
165 343 0 42
0 0
308.472 5.76
-5798642 -25478 652.78 666.46
-5779626 -30681 655.55 669.19
166 334 0 43
0 0
308.507 5.76
-5794018 47524 653.52 667.05
-5774932 42582 656.26 669.83
167 93 0 0
0 0
754.485 11.53
-5566566 137452 583.43 734.24
-5528170 128485 588.63 740.14
168 93 0 0
0 0
479.456 11.53
-5561197 160346 585.22 734.01
-5522809 151376 590.35 739.97
169 30 0 266
0 0
754.566 11.53
-5307236 -89074 655.48 668.51
-5269128 -99237 661.07 673.93
170 359 0 267
0 0
308.512 5.76
-5297089 -84331 656.91 670.02
-5278042 -89420 659.70 672.73
171 153 0 264
0 0
2166.8 47.64
-5379955 44163 644.76 662.80
-5221884 4712 667.47 685.76
172 293 0 46
0 0
585.253 8.65
-5772433 166335 657.84 668.97
-5743632 159601 661.89 673.24
173 290 0 47
0 0
754.591 11.53
-5775781 -152298 657.13 668.72
-5737961 -163487 662.78 674.00
174 30 0 268
0 0
479.569 11.53
-5301177 -66359 656.20 669.55
-5263076 -76523 661.77 674.99
175 313 0 48
0 0
308.574 5.77
-5764632 80578 657.95 671.11
-5745502 75768 660.68 673.91
176 293 0 49
0 0
109.053 7.12
-5764514 188633 659.42 669.68
-5740790 183083 662.73 673.22
177 290 0 50
0 0
479.648 11.53
-5769116 -129755 657.78 669.99
-5731305 -140945 663.39 675.31
178 351 0 51
0 0
308.479 5.76
-5748676 -119954 660.62 673.06
-5729742 -125449 663.42 675.73
179 254 0 45
0 0
19.635 1.46
-5748264 -283950 646.12 692.25
-5743504 -285482 646.86 692.88
180 294 0 53
0 0
585.098 8.65
-5734574 246159 665.46 672.30
-5705670 239880 669.38 676.73
181 226 0 0
0 0
19.635 1.46
-5477245 -250052 661.00 682.49
-5472459 -251499 662.43 682.44
182 416 0 271
0 0
308.487 5.76
-5249120 185368 665.20 675.59
-5229867 181124 667.89 678.46
183 294 0 54
0 0
108.98 7.12
-5727004 268579 667.74 672.20
-5703200 263406 670.85 675.97
184 312 0 55
0 0
308.43 5.76
-5719477 152276 665.27 676.85
-5700290 147745 667.97 679.69
185 654 0 0
0 0
104.677 3.67
-5474134 -216517 651.08 693.31
-5462079 -219993 653.59 694.28
186 417 0 273
0 0
308.417 5.76
-5240559 66115 664.96 678.31
-5221390 61508 667.70 681.10
187 654 0 0
0 0
230.956 6.45
-5466067 -194384 648.10 698.62
-5444877 -200496 652.19 700.65
188 654 0 0
0 0
355.486 11.16
-5467116 -169617 644.42 701.99
-5430449 -180195 651.11 705.90
189 295 0 276
0 0
585.221 8.65
-5230081 -3509 666.28 680.01
-5201393 -10707 670.43 684.15
190 387 0 57
0 0
308.502 5.76
-5700288 214355 669.33 678.33
-5681049 210053 671.99 681.23
191 153 0 270
0 0
0.152209 0.48
-5229186 -17738 666.43 684.69
-5227587 -18139 666.67 684.92
192 311 0 58
0 0
308.564 5.77
-5697011 264832 671.83 676.78
-5677721 260709 674.37 679.81
193 356 0 60
0 0
308.606 5.77
-5694332 -150694 668.87 680.51
-5675407 -156256 671.70 683.16
194 295 0 277
0 0
108.943 7.12
-5221823 18658 667.49 681.19
-5198193 12727 670.90 684.61
195 306 0 279
0 0
308.541 5.76
-5209501 -231276 672.14 680.10
-5190560 -236744 675.07 682.64
196 406 0 281
0 0
308.46 5.76
-5196424 134784 671.97 684.05
-5177202 130402 674.69 686.88
197 654 0 0
0 0
274.297 11.44
-5431762 -155369 647.88 708.75
-5394169 -166231 654.55 712.95
198 29 0 282
0 0
754.552 11.53
-5197507 19550 671.01 684.70
-5159204 10147 676.53 690.24
199 214 0 0
0 0
19.635 1.46
-5416329 -155553 650.13 710.96
-5411518 -156915 650.97 711.51
200 29 0 284
0 0
479.359 11.53
-5191890 42381 671.88 685.45
-5153596 32977 677.38 691.01
201 390 0 285
0 0
308.524 5.77
-5181508 24379 673.33 687.00
-5162353 19670 676.09 689.78
202 378 0 286
0 0
308.443 5.76
-5180145 -81540 673.79 686.93
-5161080 -86558 676.58 689.65
203 420 0 289
0 0
308.65 5.77
-5171189 274341 679.89 683.42
-5151863 270388 682.35 686.54
204 27 0 73
0 0
754.394 11.53
-5652855 -186041 675.50 685.87
-5615056 -197263 681.21 691.08
205 653 0 0
0 0
95.6327 2.21
-5399489 -158664 652.90 713.05
-5392186 -160658 654.18 713.88
206 355 0 75
0 0
308.505 5.76
-5640094 -48817 675.77 689.29
-5621072 -53997 678.54 692.01
207 27 0 77
0 0
479.625 11.53
-5646171 -163504 676.04 687.26
-5608381 -174727 681.70 692.52
208 353 0 78
0 0
308.572 5.77
-5636159 -223010 678.85 687.34
-5617291 -228764 681.76 689.89
209 395 0 81
0 0
308.469 5.76
-5633118 8811 676.68 690.39
-5614043 3828 679.43 693.15
210 653 0 0
0 0
175.376 4.87
-5392409 -136232 651.69 716.32
-5376348 -140621 654.41 718.24
211 586 0 0
0 0
308.496 5.76
-5395945 29947 677.74 689.25
-5376821 25159 680.04 692.47
212 653 0 0
0 0
191.559 5.87
-5377820 -115854 652.16 720.06
-5358462 -121148 655.35 722.47
213 380 0 85
0 0
308.424 5.76
-5613127 -2081 679.56 693.29
-5594058 -7088 682.32 696.04
214 218 0 0
0 0
19.635 1.46
-5350906 -176253 662.07 717.93
-5346096 -177620 662.95 718.44
215 653 0 0
0 0
389.642 12.36
-5360374 -96260 653.41 723.85
-5319615 -107423 659.99 729.05
216 411 0 94
0 0
308.445 5.76
-5589566 150480 684.01 695.65
-5570367 146000 686.72 698.49
217 352 0 95
0 0
308.588 5.77
-5584934 -128665 684.38 696.61
-5565965 -134075 687.19 699.29
218 421 0 296
0 0
308.5 5.76
-5099173 240967 688.43 695.69
-5079876 236931 691.07 698.63
219 379 0 103
0 0
308.456 5.76
-5564655 -14827 686.57 700.28
-5545591 -19848 689.34 703.03
220 653 0 0
0 0
268.873 7.95
-5322356 -82307 658.16 730.08
-5296152 -89495 662.31 733.50
221 9 0 108
0 0
581.828 10.37
-5562451 243163 690.20 697.29
-5527751 235776 694.94 702.58
222 9 0 112
0 0
676.996 10.37
-5557532 266159 692.07 696.85
-5522833 258769 696.65 702.29
223 384 0 113
0 0
308.516 5.76
-5544087 254207 693.34 699.46
-5524806 250097 695.94 702.43
224 149 0 0
0 0
244.935 5.58
-5286331 -506051 679.32 719.34
-5268288 -512227 685.80 718.07
225 376 0 300
0 0
308.438 5.76
-5056247 -241854 694.67 701.86
-5037286 -247253 697.63 704.37
226 386 0 115
0 0
308.508 5.76
-5532026 239722 694.46 701.82
-5512754 235566 697.09 704.76
227 149 0 0
0 0
175.931 3.01
-5280062 -483350 670.22 730.25
-5270324 -486684 672.85 730.43
228 425 0 118
0 0
308.635 5.77
-5524753 -116358 692.93 705.45
-5505761 -121687 695.74 708.14
229 283 0 119
0 0
754.745 11.53
-5530757 252672 695.19 701.45
-5492170 244509 700.41 707.39
230 283 0 121
0 0
479.393 11.53
-5525857 275673 697.39 700.68
-5487280 267507 702.31 706.91
231 377 0 302
0 0
308.448 5.76
-5036019 -229713 697.15 705.22
-5017046 -235067 700.08 707.77
232 385 0 124
0 0
308.42 5.76
-5506734 239955 698.13 705.46
-5487461 235808 700.76 708.40
233 383 0 125
0 0
308.445 5.76
-5499060 276074 701.30 704.51
-5479760 272051 703.73 707.66
234 381 0 126
0 0
308.408 5.76
-5493591 254166 700.64 706.75
-5474306 250071 703.23 709.73
235 396 0 128
0 0
308.452 5.76
-5485357 -125282 698.73 711.04
-5466376 -130612 701.53 713.72
236 412 0 129
0 0
308.507 5.76
-5484998 126044 698.79 711.08
-5465808 121526 701.51 713.91
237 422 0 304
0 0
308.618 5.77
-5009723 -13042 698.13 711.84
-4990576 -17785 700.90 714.60
238 419 0 131
0 0
308.519 5.76
-5479730 224302 701.49 709.90
-5460466 220111 704.14 712.81
239 641 0 0
0 0
243.004 6.84
-5229010 -238039 692.14 723.08
-5206599 -244704 697.76 723.94
240 358 0 132
0 0
308.597 5.77
-5471908 -224291 702.62 711.03
-5453003 -229924 705.53 713.58
241 357 0 133
0 0
308.622 5.77
-5470177 -151576 701.27 712.88
-5451206 -156981 704.10 715.54
242 629 0 0
0 0
228.51 3.91
-5223137 -80785 672.43 744.49
-5210183 -84140 674.46 746.20
243 466 0 0
0 0
585.221 8.65
-5230081 -3509 700.27 714.64
-5201393 -10707 704.57 718.63
244 629 0 0
0 0
57.0839 3.33
-5214650 -10126 671.82 747.55
-5203617 -12985 673.43 749.13
245 466 0 0
0 0
108.943 7.12
-5221823 18658 701.97 715.32
-5198193 12727 705.10 719.02
246 296 0 308
0 0
584.824 8.65
-4982669 -115183 702.62 715.16
-4954069 -122679 706.84 719.21
247 375 0 309
0 0
308.491 5.76
-4975145 19254 703.13 716.82
-4955984 14617 705.89 719.60
248 629 0 0
0 0
359.117 10.35
-5219465 -33164 671.40 746.58
-5185197 -42047 676.54 751.34
249 629 0 0
0 0
480.59 11.13
-5218168 -57788 672.22 746.13
-5181325 -67338 677.89 751.11
250 296 0 310
0 0
108.51 7.11
-4974169 -93108 703.64 716.60
-4950649 -99274 707.09 719.95
251 630 0 0
0 0
64.375 3.20
-5203883 -10035 673.37 749.11
-5193253 -12677 674.92 750.63
252 307 0 312
0 0
308.348 5.76
-4966844 -157436 705.47 716.89
-4947805 -162554 708.30 719.55
253 630 0 0
0 0
243.417 6.47
-5198353 12817 674.19 749.89
-5176891 7478 677.26 753.02
254 275 0 0
0 0
754.552 11.53
-5197507 19550 705.54 718.78
-5159204 10147 710.64 724.74
255 561 0 0
0 0
308.524 5.77
-5181508 24379 708.19 720.75
-5162353 19670 710.62 723.85
256 275 0 0
0 0
479.359 11.53
-5191890 42381 709.18 716.76
-5153596 32977 713.11 723.90
257 410 0 144
0 0
308.607 5.77
-5409406 272676 713.94 717.77
-5390092 268663 716.43 720.87
258 308 0 315
0 0
308.564 5.77
-4929955 209133 711.87 721.15
-4910658 205041 714.55 724.04
259 415 0 147
0 0
308.496 5.76
-5395945 29947 710.98 724.62
-5376821 25159 713.73 727.40
260 153 0 159
0 0
548.055 19.62
-5388041 21894 707.54 725.77
-5322932 5703 716.92 735.21
261 13 0 156
0 0
832.219 10.37
-5366725 -119037 715.79 728.25
-5332510 -128416 720.85 733.09
262 13 0 158
0 0
426.337 10.37
-5360518 -96362 716.46 729.37
-5326303 -105744 721.49 734.23
263 423 0 320
0 0
308.459 5.76
-4853076 72108 720.98 734.25
-4833870 67660 723.72 737.05
264 153 0 171
0 0
2166.8 47.64
-5379955 44163 708.81 726.84
-5221884 4712 731.51 749.81
265 418 0 164
0 0
308.599 5.77
-5325192 217221 723.60 732.44
-5305912 213052 726.27 735.34
266 30 0 169
0 0
754.566 11.53
-5307236 -89074 724.10 737.13
-5269128 -99237 729.69 742.55
267 359 0 170
0 0
308.512 5.76
-5297089 -84331 725.53 738.63
-5278042 -89420 728.32 741.35
268 30 0 174
0 0
479.569 11.53
-5301177 -66359 724.82 738.16
-5263076 -76523 730.39 743.60
269 151 0 321
0 0
726.74 22.04
-4824801 57426 725.06 742.91
-4751375 40445 735.56 753.63
270 153 0 191
0 0
0.152209 0.48
-5229186 -17738 730.48 748.73
-5227587 -18139 730.71 748.96
271 416 0 182
0 0
308.487 5.76
-5249120 185368 733.81 744.21
-5229867 181124 736.51 747.08
272 593 0 0
0 0
308.618 5.77
-5009723 -13042 732.34 746.24
-4990576 -17785 735.33 748.78
273 417 0 186
0 0
308.417 5.76
-5240559 66115 733.58 746.92
-5221390 61508 736.32 749.72
274 631 0 0
0 0
115.571 4.11
-4991502 -118142 708.14 775.70
-4977898 -121694 710.37 777.40
275 631 0 0
0 0
345.739 9.41
-4996258 -92603 705.81 776.66
-4965120 -100734 710.78 780.68
276 295 0 189
0 0
585.221 8.65
-5230081 -3509 734.90 748.62
-5201393 -10707 739.05 752.76
277 295 0 194
0 0
108.943 7.12
-5221823 18658 736.11 749.80
-5198193 12727 739.51 753.22
278 546 0 0
0 0
308.491 5.76
-4975145 19254 737.64 750.92
-4955984 14617 740.17 753.93
279 306 0 195
0 0
308.541 5.76
-5209501 -231276 740.75 748.72
-5190560 -236744 743.68 751.26
280 151 0 323
0 0
306.38 11.63
-4756181 65694 735.05 752.75
-4717437 56702 740.57 758.42
281 406 0 196
0 0
308.46 5.76
-5196424 134784 740.59 752.66
-5177202 130402 743.31 755.50
282 29 0 198
0 0
754.552 11.53
-5197507 19550 739.62 753.31
-5159204 10147 745.14 758.86
283 151 0 327
0 0
172.047 7.08
-4728609 83436 739.21 756.55
-4705016 77952 742.56 760.02
284 29 0 200
0 0
479.359 11.53
-5191890 42381 740.49 754.06
-5153596 32977 746.00 759.63
285 390 0 201
0 0
308.524 5.77
-5181508 24379 741.94 755.62
-5162353 19670 744.70 758.39
286 378 0 202
0 0
308.443 5.76
-5180145 -81540 742.40 755.55
-5161080 -86558 745.20 758.27
287 299 0 330
0 0
585.087 8.65
-4706156 97254 742.39 755.28
-4677299 90764 746.51 759.51
288 299 0 332
0 0
109.028 7.12
-4698441 119619 743.73 756.17
-4674677 114273 747.10 759.67
289 420 0 203
0 0
308.65 5.77
-5171189 274341 748.50 752.04
-5151863 270388 750.97 755.16
290 179 0 0
0 0
19.635 1.46
-4920507 -465979 716.57 787.78
-4915735 -467473 717.70 788.04
291 152 0 329
0 0
115.352 4.25
-4687684 102382 745.38 762.21
-4673467 99401 747.39 764.30
292 152 0 331
0 0
307.649 5.32
-4681625 125136 746.64 762.69
-4663829 121403 749.14 765.33
293 152 0 333
0 0
298.659 5.25
-4671598 147059 748.56 763.67
-4654019 143369 751.02 766.30
294 152 0 334
0 0
297.17 6.03
-4661560 168980 750.60 764.53
-4641381 164741 753.39 767.57
295 152 0 335
0 0
316.518 8.26
-4648802 190335 753.16 765.66
-4621171 184522 756.94 769.86
296 421 0 218
0 0
308.5 5.76
-5099173 240967 757.04 764.30
-5079876 236931 759.68 767.24
297 6 0 0
0 0
832.458 10.37
-4869086 67012 745.09 774.12
-4834523 59008 749.37 779.82
298 6 0 0
0 0
426.211 10.37
-4863775 89917 748.72 772.03
-4829212 81910 752.54 778.19
299 152 0 336
0 0
521.733 14.36
-4633322 211127 756.28 767.01
-4585261 200992 762.76 774.42
300 376 0 225
0 0
308.438 5.76
-5056247 -241854 763.28 770.47
-5037286 -247253 766.24 772.99
301 152 0 337
0 0
607.233 16.28
-4605975 229418 761.25 769.94
-4551516 217901 768.44 778.49
302 377 0 231
0 0
308.448 5.76
-5036019 -229713 765.76 773.83
-5017046 -235067 768.69 776.39
303 152 0 338
0 0
564.607 15.35
-4571262 246141 767.59 773.63
-4519907 235245 774.08 781.97
304 422 0 237
0 0
308.618 5.77
-5009723 -13042 766.74 780.45
-4990576 -17785 769.51 783.21
305 401 0 339
0 0
308.537 5.77
-4515908 13759 769.47 783.17
-4496701 9265 772.24 785.95
306 647 0 0
0 0
374.383 8.26
-4751772 61805 739.74 813.36
-4724220 55566 743.51 817.55
307 230 0 0
0 0
19.635 1.46
-4740193 394545 726.87 829.57
-4735274 393647 727.43 830.44
308 296 0 246
0 0
584.824 8.65
-4982669 -115183 771.23 783.77
-4954069 -122679 775.45 787.82
309 375 0 247
0 0
308.491 5.76
-4975145 19254 771.74 785.43
-4955984 14617 774.51 788.21
310 296 0 250
0 0
108.51 7.11
-4974169 -93108 772.25 785.21
-4950649 -99274 775.70 788.56
311 647 0 0
0 0
483.813 10.17
-4739588 83158 742.40 814.22
-4705663 75467 746.94 819.48
312 307 0 252
0 0
308.348 5.76
-4966844 -157436 774.08 785.50
-4947805 -162554 776.91 788.16
313 647 0 0
0 0
203.39 5.99
-4720008 102831 746.32 815.96
-4700034 98299 748.93 819.12
314 648 0 0
0 0
129.034 4.11
-4703926 112566 749.29 817.64
-4690207 109541 751.06 819.83
315 308 0 258
0 0
308.564 5.77
-4929955 209133 780.48 789.76
-4910658 205041 783.16 792.65
316 648 0 0
0 0
196.473 7.25
-4693027 134246 752.55 817.52
-4668810 128898 755.60 821.47
317 372 0 340
0 0
308.554 5.77
-4449672 268329 783.64 788.13
-4430327 264471 786.19 791.18
318 648 0 0
0 0
145.492 5.49
-4673309 153977 757.31 818.46
-4654973 149923 759.53 821.53
319 184 0 0
0 0
19.635 1.46
-4612410 -481828 766.13 827.23
-4607624 -483277 767.34 827.41
320 423 0 263
0 0
308.459 5.76
-4853076 72108 789.59 802.86
-4833870 67660 792.33 805.66
321 151 0 269
0 0
726.74 22.04
-4824801 57426 789.10 806.94
-4751375 40445 799.59 817.66
322 438 0 341
0 0
308.656 5.77
-4323393 253182 801.02 807.23
-4304053 249300 803.64 810.20
323 151 0 280
0 0
306.38 11.63
-4756181 65694 799.08 816.78
-4717437 56702 804.60 822.45
324 129 0 0
0 0
754.536 11.53
-4531107 10995 778.75 838.10
-4492698 2032 784.25 843.69
325 129 0 0
0 0
479.557 11.53
-4525755 33890 779.89 838.51
-4487354 24926 785.24 844.24
326 572 0 0
0 0
308.537 5.77
-4515908 13759 803.70 817.54
-4496701 9265 806.32 820.47
327 151 0 283
0 0
172.047 7.08
-4728609 83436 803.25 820.58
-4705016 77952 806.59 824.05
328 435 0 342
0 0
308.495 5.76
-4233330 276705 815.60 818.67
-4213989 272888 818.03 821.82
329 152 0 291
0 0
115.352 4.25
-4687684 102382 809.41 826.24
-4673467 99401 811.42 828.33
330 299 0 287
0 0
585.087 8.65
-4706156 97254 811.00 823.89
-4677299 90764 815.11 828.11
331 152 0 292
0 0
307.649 5.32
-4681625 125136 810.67 826.72
-4663829 121403 813.17 829.36
332 299 0 288
0 0
109.028 7.12
-4698441 119619 812.33 824.78
-4674677 114273 815.71 828.27
333 152 0 293
0 0
298.659 5.25
-4671598 147059 812.59 827.70
-4654019 143369 815.05 830.33
334 152 0 294
0 0
297.17 6.03
-4661560 168980 814.63 828.56
-4641381 164741 817.42 831.60
335 152 0 295
0 0
316.518 8.26
-4648802 190335 817.19 829.69
-4621171 184522 820.97 833.89
336 152 0 299
0 0
521.733 14.36
-4633322 211127 820.31 831.04
-4585261 200992 826.79 838.44
337 152 0 301
0 0
607.233 16.28
-4605975 229418 825.28 833.97
-4551516 217901 832.47 842.51
338 152 0 303
0 0
564.607 15.35
-4571262 246141 831.62 837.66
-4519907 235245 838.11 846.00
339 401 0 305
0 0
308.537 5.77
-4515908 13759 838.07 851.77
-4496701 9265 840.84 854.55
340 372 0 317
0 0
308.554 5.77
-4449672 268329 852.24 856.73
-4430327 264471 854.78 859.78
341 438 0 322
0 0
308.656 5.77
-4323393 253182 869.62 875.83
-4304053 249300 872.23 878.80
342 435 0 328
0 0
308.495 5.76
-4233330 276705 884.19 887.27
-4213989 272888 886.63 890.42
