2 26 96 180 23510 
336 483
0 0 0
3 40000 130.293 0 0
6 40000 130.293 0 0
14 40000 130.293 0 0
15 40000 130.293 0 0
28 40000 130.293 0 0
34 40000 130.293 0 0
48 40000 130.293 0 0
56 40000 130.293 0 0
58 40000 130.293 0 0
60 40000 130.293 0 0
61 40000 130.293 0 0
67 40000 130.293 0 0
79 40000 130.293 0 0
82 40000 130.293 0 0
86 40000 130.293 0 0
88 40000 130.293 0 0
90 40000 130.293 0 0
98 40000 130.293 0 0
103 40000 130.293 0 0
119 40000 130.293 0 0
121 40000 130.293 0 0
129 40000 130.293 0 0
138 40000 130.293 0 0
148 40000 130.293 0 0
173 40000 130.293 0 0
188 40000 130.293 0 0
191 40000 130.293 0 0
192 40000 130.293 0 0
193 40000 130.293 0 0
208 40000 130.293 0 0
209 40000 130.293 0 0
210 40000 130.293 0 0
211 40000 130.293 0 0
212 40000 130.293 0 0
282 40000 130.293 0 0
303 40000 130.293 0 0
317 40000 130.293 0 0
321 40000 130.293 0 0
324 40000 130.293 0 0
328 40000 130.293 0 1
332 40000 130.293 0 1
333 40000 130.293 0 1
344 40000 130.293 0 1
350 40000 130.293 0 1
352 40000 130.293 0 1
359 40000 130.293 0 1
360 40000 130.293 0 1
378 40000 130.293 0 1
382 40000 130.293 0 1
478 40000 130.293 0 0
481 40000 130.293 0 0
483 40000 130.293 0 0
490 40000 130.293 0 0
496 40000 130.293 0 0
497 40000 130.293 0 0
499 40000 130.293 0 0
502 40000 130.293 0 0
506 40000 130.293 0 0
508 40000 130.293 0 0
514 40000 130.293 0 0
516 40000 130.293 0 0
520 40000 130.293 0 0
526 40000 130.293 0 0
527 40000 130.293 0 0
528 40000 130.293 0 0
529 40000 130.293 0 0
530 40000 130.293 0 0
535 40000 130.293 0 0
537 40000 130.293 0 0
549 40000 130.293 0 0
550 40000 130.293 0 0
551 40000 130.293 0 0
573 40000 130.293 0 0
574 40000 130.293 0 0
575 40000 130.293 0 0
576 40000 130.293 0 0
579 40000 130.293 0 0
597 40000 130.293 0 0
599 40000 130.293 0 0
600 40000 130.293 0 0
601 40000 130.293 0 0
603 40000 130.293 0 0
605 40000 130.293 0 0
608 40000 130.293 0 0
612 40000 130.293 0 0
623 40000 130.293 0 0
624 40000 130.293 0 0
641 40000 130.293 0 0
645 40000 130.293 0 0
659 40000 130.293 0 0
660 40000 130.293 0 0
671 40000 130.293 0 0
672 40000 130.293 0 0
675 40000 130.293 0 0
683 40000 130.293 0 0
684 40000 130.293 0 0
686 40000 130.293 0 0
689 40000 130.293 0 0
690 40000 130.293 0 0
696 40000 130.293 0 1
724 40000 130.293 0 1
748 40000 130.293 0 1
758 40000 130.293 0 0
763 40000 130.293 0 0
765 40000 130.293 0 0
766 40000 130.293 0 0
769 40000 130.293 0 0
770 40000 130.293 0 0
773 40000 130.293 0 0
774 40000 130.293 0 0
778 40000 130.293 0 0
779 40000 130.293 0 0
781 40000 130.293 0 0
783 40000 130.293 0 0
784 40000 130.293 0 0
787 40000 130.293 0 0
788 40000 130.293 0 0
790 40000 130.293 0 0
791 40000 130.293 0 0
793 40000 130.293 0 0
800 40000 130.293 0 0
804 40000 130.293 0 0
805 40000 130.293 0 0
807 40000 130.293 0 0
808 40000 130.293 0 0
810 40000 130.293 0 0
812 40000 130.293 0 0
814 40000 130.293 0 0
815 40000 130.293 0 0
823 40000 130.293 0 0
824 40000 130.293 0 0
830 40000 130.293 0 0
832 40000 130.293 0 0
833 40000 130.293 0 0
836 40000 130.293 0 0
839 40000 130.293 0 0
840 40000 130.293 0 0
843 40000 130.293 0 0
853 40000 130.293 0 0
855 40000 130.293 0 0
857 40000 130.293 0 0
863 40000 130.293 0 0
865 40000 130.293 0 0
866 40000 130.293 0 0
869 40000 130.293 0 0
872 40000 130.293 0 0
873 40000 130.293 0 0
876 40000 130.293 0 0
889 40000 130.293 0 0
891 40000 130.293 0 0
896 40000 130.293 0 0
898 40000 130.293 0 0
901 40000 130.293 0 0
907 40000 130.293 0 0
908 40000 130.293 0 0
909 40000 130.293 0 0
914 40000 130.293 0 0
915 40000 130.293 0 0
919 40000 130.293 0 0
922 40000 130.293 0 0
923 40000 130.293 0 0
925 40000 130.293 0 0
926 40000 130.293 0 0
927 40000 130.293 0 0
929 40000 130.293 0 0
930 40000 130.293 0 0
935 40000 130.293 0 0
937 40000 130.293 0 0
942 40000 130.293 0 1
943 40000 130.293 0 1
952 40000 130.293 0 1
965 40000 130.293 0 1
969 40000 130.293 0 1
971 40000 130.293 0 1
984 40000 130.293 0 0
990 40000 130.293 0 0
1001 40000 130.293 0 0
1011 40000 130.293 0 0
1028 40000 130.293 0 0
1037 40000 130.293 0 0
1050 40000 130.293 0 0
1052 40000 130.293 0 0
1084 40000 130.293 0 1
1170 40000 130.293 0 0
1171 40000 130.293 0 0
1174 40000 130.293 0 0
1178 40000 130.293 0 0
1180 40000 130.293 0 0
1181 40000 130.293 0 0
1193 40000 130.293 0 0
1195 40000 130.293 0 0
1197 40000 130.293 0 0
1202 40000 130.293 0 0
1210 40000 130.293 0 0
1211 40000 130.293 0 0
1216 40000 130.293 0 0
1218 40000 130.293 0 0
1219 40000 130.293 0 0
1223 40000 130.293 0 0
1224 40000 130.293 0 0
1226 40000 130.293 0 0
1230 40000 130.293 0 0
1242 40000 130.293 0 0
1245 40000 130.293 0 0
1247 40000 130.293 0 0
1254 40000 130.293 0 0
1255 40000 130.293 0 0
1266 40000 130.293 0 0
1278 40000 130.293 0 0
1280 40000 130.293 0 0
1283 40000 130.293 0 0
1284 40000 130.293 0 0
1292 40000 130.293 0 0
1314 40000 130.293 0 0
1317 40000 130.293 0 0
1320 40000 130.293 0 0
1321 40000 130.293 0 0
1327 40000 130.293 0 0
1334 40000 130.293 0 0
1336 40000 130.293 0 0
1345 40000 130.293 0 0
1347 40000 130.293 0 0
1349 40000 130.293 0 0
1354 40000 130.293 0 0
1355 40000 130.293 0 0
1356 40000 130.293 0 0
1358 40000 130.293 0 0
1360 40000 130.293 0 1
1361 40000 130.293 0 1
1370 40000 130.293 0 1
1377 40000 130.293 0 1
1379 40000 130.293 0 1
1384 40000 130.293 0 1
1385 40000 130.293 0 1
1386 40000 130.293 0 1
1392 40000 130.293 0 1
1393 40000 130.293 0 1
1394 40000 130.293 0 1
1395 40000 130.293 0 1
1396 40000 130.293 0 1
1399 40000 130.293 0 1
1400 40000 130.293 0 1
1401 40000 130.293 0 1
1402 40000 130.293 0 1
1403 40000 130.293 0 1
1405 40000 130.293 0 1
1409 40000 130.293 0 1
1585 40000 130.293 0 0
1586 40000 130.293 0 0
1588 40000 130.293 0 0
1589 40000 130.293 0 0
1597 40000 130.293 0 0
1617 40000 130.293 0 0
1618 40000 130.293 0 0
1619 40000 130.293 0 0
1622 40000 130.293 0 0
1623 40000 130.293 0 0
1625 40000 130.293 0 0
1635 40000 130.293 0 0
1642 40000 130.293 0 1
1644 40000 130.293 0 1
1645 40000 130.293 0 1
1723 40000 130.293 0 0
1734 40000 130.293 0 0
1739 40000 130.293 0 0
1740 40000 130.293 0 0
1744 40000 130.293 0 0
1751 40000 130.293 0 0
1752 40000 130.293 0 0
1774 40000 130.293 0 0
1775 40000 130.293 0 0
1776 40000 130.293 0 0
1779 40000 130.293 0 0
1780 40000 130.293 0 0
1781 40000 130.293 0 1
1782 40000 130.293 0 1
1784 40000 130.293 0 1
1787 40000 130.293 0 1
1794 40000 130.293 0 1
1827 40000 130.293 0 0
1829 40000 130.293 0 0
1834 40000 130.293 0 0
1837 40000 130.293 0 0
1838 40000 130.293 0 0
1841 40000 130.293 0 0
1842 40000 130.293 0 0
1845 40000 130.293 0 0
1849 40000 130.293 0 0
1852 40000 130.293 0 0
1856 40000 130.293 0 0
1858 40000 130.293 0 0
1859 40000 130.293 0 0
1860 40000 130.293 0 0
1861 40000 130.293 0 0
1867 40000 130.293 0 0
1868 40000 130.293 0 0
1869 40000 130.293 0 0
1874 40000 130.293 0 1
1875 40000 130.293 0 1
1877 40000 130.293 0 1
1879 40000 130.293 0 1
1885 40000 130.293 0 0
1886 40000 130.293 0 0
1891 40000 130.293 0 0
1894 40000 130.293 0 0
1896 40000 130.293 0 0
1897 40000 130.293 0 0
1899 40000 130.293 0 1
2343 50000 2333.96 2 0
2344 50000 597.547 2 0
2367 50000 1075.32 2 0
2368 50000 3206.18 2 0
2377 50000 3245.15 2 0
2381 50000 4040.83 2 0
2383 50000 3736.89 2 0
2386 50000 4290.53 2 0
2391 50000 1104.42 2 0
2401 50000 2376.29 2 0
2410 50000 3697.32 2 0
2411 50000 2225.26 2 0
2423 50000 5536.59 2 0
2424 50000 2879.7 2 0
2435 50000 1203.34 2 0
2451 50000 4757.49 2 0
2453 50000 2298.77 2 0
2481 50000 2028.6 2 0
2484 50000 4078.03 2 0
2493 50000 3861.73 2 0
2501 50000 1642.1 2 0
2513 50000 2975.43 2 0
2514 50000 1845.66 2 0
2515 50000 2900.51 2 0
2541 50000 3437.78 2 0
2577 50000 1781.75 2 1
2585 50000 3423.43 2 1
2595 50000 4651.78 2 0
1 2577 0 33
0 0
319.647 9.45
-6772648 -106734 434.56 452.14
-6742042 -117063 439.06 456.48
2 2577 0 35
0 0
840.605 18.67
-6759663 -86311 436.31 454.14
-6699161 -106757 445.19 462.76
3 1879 0 31
0 0
130.293 3.77
-6761930 118120 436.42 462.53
-6749538 114608 438.17 464.36
4 2577 0 36
0 0
621.501 17.33
-6741368 -67678 438.86 456.88
-6685209 -86673 447.08 464.90
5 1899 0 37
0 0
130.293 3.77
-6673234 -346365 456.61 467.98
-6661283 -351169 458.74 469.31
6 1841 0 0
0 0
130.293 3.77
-6817150 -64186 423.90 532.32
-6804947 -68307 425.76 533.98
7 1829 0 0
0 0
130.293 3.77
-6814610 35863 423.72 533.23
-6802306 32055 425.45 535.06
8 1877 0 47
0 0
130.293 3.77
-6536573 -291916 473.24 490.86
-6524516 -296447 475.19 492.40
9 1842 0 0
0 0
130.293 3.77
-6783596 -110433 430.32 535.59
-6771432 -114666 432.27 537.16
10 1897 0 0
0 0
130.293 3.77
-6773991 -283098 447.60 521.09
-6762010 -287826 450.10 522.05
11 1834 0 0
0 0
130.293 3.77
-6768414 -334148 458.84 511.46
-6756489 -339014 461.90 511.85
12 1886 0 0
0 0
130.293 3.77
-6757764 25317 431.81 541.57
-6745458 21518 433.56 543.38
13 1869 0 0
0 0
130.293 3.77
-6735629 -363218 473.50 506.28
-6723723 -368130 477.70 505.52
14 1874 0 53
0 0
130.293 3.77
-6489396 -167826 476.55 501.19
-6477205 -171984 478.39 502.88
15 1885 0 0
0 0
130.293 3.77
-6738095 -78252 435.71 543.36
-6725884 -82351 437.60 544.99
16 1894 0 0
0 0
130.293 3.77
-6721103 -104905 439.12 544.86
-6708915 -109069 441.06 546.44
17 1891 0 0
0 0
130.293 3.77
-6716208 -327813 464.77 520.62
-6704254 -332609 467.71 521.14
18 1896 0 0
0 0
130.293 3.77
-6718274 79168 438.60 546.19
-6705909 75562 440.28 548.09
19 1868 0 0
0 0
130.293 3.77
-6710359 -303884 460.44 526.64
-6698377 -308607 463.10 527.45
20 1837 0 0
0 0
130.293 3.77
-6703288 -353870 474.35 514.78
-6691358 -358724 477.95 514.63
21 2344 0 0
0 0
377.213 12.21
-6696267 -354943 475.76 515.40
-6657585 -370707 488.77 513.57
22 2367 0 0
0 0
761.757 13.88
-6686302 -350455 475.60 518.44
-6642250 -368172 489.50 517.28
23 2344 0 0
0 0
70.0294 2.57
-6689615 -332251 469.74 523.35
-6681474 -335568 471.79 523.65
24 2367 0 0
0 0
313.565 11.63
-6682085 -326812 469.46 525.80
-6645182 -341654 478.75 527.17
25 1849 0 0
0 0
130.293 3.77
-6679451 47525 443.44 552.58
-6667107 43848 445.16 554.43
26 1867 0 0
0 0
130.293 3.77
-6639974 -375226 494.59 512.84
-6628041 -380075 502.83 508.05
27 1875 0 74
0 0
130.293 3.77
-6358513 -272763 498.22 517.36
-6346384 -277095 500.13 518.95
28 1856 0 0
0 0
130.293 3.77
-6593329 -223178 465.92 555.00
-6581221 -227571 468.13 556.28
29 1845 0 0
0 0
130.293 3.77
-6531127 -227986 475.42 563.48
-6519005 -232340 477.65 564.75
30 1860 0 0
0 0
130.293 3.77
-6514489 -149194 471.26 572.44
-6502288 -153321 473.28 573.95
31 1879 0 3
0 0
130.293 3.77
-6761930 118120 509.65 535.75
-6749538 114608 511.40 537.59
32 1859 0 0
0 0
130.293 3.77
-6496575 -233604 481.03 567.85
-6484449 -237945 483.28 569.11
33 2577 0 1
0 0
319.647 9.45
-6772648 -106734 516.94 534.52
-6742042 -117063 521.44 538.86
34 1858 0 0
0 0
130.293 3.77
-6471674 -260203 487.92 568.17
-6459566 -264595 490.27 569.31
35 2577 0 2
0 0
840.605 18.67
-6759663 -86311 518.69 536.52
-6699161 -106757 527.57 545.14
36 2577 0 4
0 0
621.501 17.33
-6741368 -67678 521.24 539.26
-6685209 -86673 529.46 547.28
37 1899 0 5
0 0
130.293 3.77
-6673234 -346365 529.84 541.21
-6661283 -351169 531.96 542.54
38 1838 0 0
0 0
130.293 3.77
-6409449 -317513 506.73 567.34
-6397376 -322002 509.48 568.08
39 1852 0 0
0 0
130.293 3.77
-6400764 -266584 499.05 577.53
-6388641 -270934 501.43 578.66
40 1827 0 0
0 0
130.293 3.77
-6376551 -274196 503.66 579.92
-6364428 -278547 506.08 581.01
41 1861 0 0
0 0
130.293 3.77
-6356598 -238835 501.86 587.48
-6344438 -243079 504.12 588.74
42 1370 0 152
0 0
130.293 3.77
-6113956 356231 541.40 549.44
-6101330 353683 543.03 551.47
43 508 0 0
0 0
130.293 3.77
-6342044 -255688 506.05 587.50
-6329894 -259965 508.38 588.69
44 696 0 126
0 0
130.293 3.77
-6138888 -352467 546.96 550.41
-6126768 -356826 548.84 552.02
45 506 0 0
0 0
130.293 3.77
-6303735 -295256 517.63 587.00
-6291610 -299602 520.17 587.97
46 1392 0 188
0 0
130.293 3.77
-6050250 365287 551.43 557.83
-6037617 362777 553.00 559.91
47 1877 0 8
0 0
130.293 3.77
-6536573 -291916 546.47 564.08
-6524516 -296447 548.41 565.62
48 529 0 0
0 0
130.293 3.77
-6255070 -322659 530.20 588.49
-6242956 -327036 532.99 589.21
49 597 0 0
0 0
130.293 3.77
-6248089 -362202 543.51 577.20
-6236009 -366669 547.41 576.79
50 1781 0 190
0 0
130.293 3.77
-6029800 -68706 550.87 568.87
-6017435 -72314 552.67 570.64
51 1393 0 199
0 0
130.293 3.77
-6007774 368101 557.87 563.66
-5995138 365607 559.42 565.76
52 659 0 0
0 0
130.293 3.77
-6236590 -266275 522.74 601.30
-6224422 -270499 525.10 602.45
53 1874 0 14
0 0
130.293 3.77
-6489396 -167826 549.77 574.41
-6477205 -171984 551.61 576.10
54 1384 0 202
0 0
130.293 3.77
-5999652 359299 558.18 565.71
-5987020 356783 559.79 567.74
55 1787 0 194
0 0
130.293 3.77
-6010570 -157392 554.32 570.98
-5998267 -161204 556.14 572.72
56 689 0 0
0 0
130.293 3.77
-6225996 -318584 533.48 593.62
-6213870 -322928 536.22 594.38
57 748 0 197
0 0
130.293 3.77
-6003139 -326877 559.04 568.41
-5990964 -331078 560.97 569.99
58 675 0 0
0 0
130.293 3.77
-6216099 -306689 532.43 597.53
-6203960 -310996 535.05 598.42
59 1394 0 208
0 0
130.293 3.77
-5975543 347671 560.78 570.07
-5962917 345130 562.43 572.07
60 483 0 0
0 0
130.293 3.77
-6203449 -273029 528.51 605.11
-6191279 -277245 530.90 606.23
61 1395 0 210
0 0
130.293 3.77
-5966245 331654 561.16 572.38
-5953626 329073 562.85 574.34
62 1360 0 211
0 0
130.293 3.77
-5962804 253109 558.73 575.81
-5950228 250329 560.47 577.70
63 1396 0 212
0 0
130.293 3.77
-5962608 356406 563.29 571.30
-5949976 353890 564.92 573.32
64 660 0 0
0 0
130.293 3.77
-6191837 -241580 526.00 610.97
-6179637 -245711 528.26 612.24
65 516 0 0
0 0
130.293 3.77
-6172590 -241285 528.75 613.79
-6160386 -245402 531.01 615.05
66 599 0 0
0 0
130.293 3.77
-6156650 -313283 542.36 604.78
-6144502 -317562 545.03 605.62
67 601 0 0
0 0
130.293 3.77
-6155728 -261031 533.69 613.71
-6143536 -265184 536.03 614.90
68 600 0 0
0 0
130.293 3.77
-6153046 -293134 539.03 609.15
-6140880 -297363 541.54 610.16
69 497 0 0
0 0
130.293 3.77
-6141415 -261180 535.78 615.76
-6129219 -265323 538.12 616.95
70 1278 0 0
0 0
130.293 3.77
-6143276 375325 566.46 584.54
-6130642 372823 566.34 588.32
71 490 0 0
0 0
130.293 3.77
-6128072 -254539 536.83 618.57
-6115868 -258657 539.13 619.79
72 1405 0 231
0 0
130.293 3.77
-5890022 349174 573.24 582.33
-5877391 346653 574.89 584.33
73 671 0 0
0 0
130.293 3.77
-6114421 -320551 550.05 609.30
-6102268 -324817 552.79 610.07
74 1875 0 27
0 0
130.293 3.77
-6358513 -272763 571.43 590.58
-6346384 -277095 573.35 592.17
75 1377 0 232
0 0
130.293 3.77
-5866879 227512 571.96 590.30
-5854311 224694 573.71 592.18
76 1379 0 233
0 0
130.293 3.77
-5865621 170682 571.09 591.53
-5853085 167725 572.86 593.39
77 724 0 213
0 0
130.293 3.77
-5912280 -243775 577.92 584.94
-5900022 -247728 579.73 586.68
78 1385 0 234
0 0
130.293 3.77
-5863342 277497 573.81 589.47
-5850747 274803 575.55 591.37
79 1774 0 0
0 0
130.293 3.77
-6096254 -145729 531.50 633.09
-6083958 -149563 533.51 634.64
80 496 0 0
0 0
130.293 3.77
-6089106 -343587 559.70 606.96
-6076965 -347889 562.81 607.36
81 499 0 0
0 0
130.293 3.77
-6085599 -222857 539.27 628.41
-6073361 -226871 541.46 629.75
82 530 0 0
0 0
130.293 3.77
-6080216 -356196 565.28 603.95
-6068084 -360520 568.78 603.95
83 1386 0 238
0 0
130.293 3.77
-5847198 196015 574.17 593.78
-5834646 193126 575.93 595.64
84 1292 0 0
0 0
130.293 3.77
-6083847 351194 562.93 605.25
-6071223 348640 563.89 607.94
85 535 0 0
0 0
130.293 3.77
-6075634 -336968 559.74 610.82
-6063485 -341245 562.71 611.36
86 1402 0 239
0 0
130.293 3.77
-5835905 306433 578.82 592.39
-5823293 303816 580.54 594.31
87 605 0 0
0 0
130.293 3.77
-6064553 -329087 559.28 614.48
-6052394 -333337 562.12 615.15
88 1401 0 241
0 0
130.293 3.77
-5828902 228933 577.48 595.75
-5816331 226129 579.23 597.63
89 1345 0 0
0 0
130.293 3.77
-6069061 362066 569.32 603.14
-6056430 359543 570.06 606.05
90 1794 0 235
0 0
130.293 3.77
-5842273 -111550 578.22 595.72
-5829910 -115163 580.04 597.48
91 528 0 0
0 0
130.293 3.77
-6053714 -344834 565.20 611.69
-6041565 -349112 568.33 612.07
92 551 0 0
0 0
130.293 3.77
-6051456 -316928 558.34 619.20
-6039284 -321141 561.04 620.02
93 1744 0 0
0 0
130.293 3.77
-6051775 -209296 542.80 634.65
-6039519 -213255 544.96 636.04
94 1178 0 0
0 0
130.293 3.77
-6055589 336005 562.37 613.98
-6042971 333417 563.50 616.49
95 1400 0 242
0 0
130.293 3.77
-5812836 219475 579.60 598.28
-5800269 216652 581.35 600.16
96 612 0 0
0 0
130.293 3.77
-6047715 -243900 547.11 631.52
-6035485 -247939 549.37 632.79
97 1280 0 0
0 0
130.293 3.77
-6048262 281236 552.20 626.27
-6035675 278505 553.59 628.52
98 1723 0 0
0 0
130.293 3.77
-6045471 -143299 538.70 640.58
-6033164 -147097 540.70 642.13
99 1403 0 243
0 0
130.293 3.77
-5807460 342962 584.76 594.67
-5794829 340440 586.43 596.65
100 1399 0 244
0 0
130.293 3.77
-5806895 246132 581.07 598.52
-5794314 243375 582.82 600.41
101 1361 0 246
0 0
130.293 3.77
-5803057 374329 588.30 592.40
-5790411 371885 589.76 594.60
102 1211 0 0
0 0
130.293 3.77
-6037566 372172 579.34 602.22
-6024929 369683 579.59 605.63
103 1314 0 0
0 0
130.293 3.77
-6032825 340919 567.04 615.89
-6020204 338348 568.13 618.44
104 526 0 0
0 0
130.293 3.77
-6021951 -361511 575.88 610.19
-6009808 -365805 579.66 609.93
105 514 0 0
0 0
130.293 3.77
-6024492 -321644 563.29 622.05
-6012318 -325849 566.03 622.82
106 1230 0 0
0 0
130.293 3.77
-6031634 373483 581.12 602.15
-6018996 370998 581.25 605.68
107 1197 0 0
0 0
130.293 3.77
-6023740 321578 563.38 622.17
-6011129 318959 564.62 624.58
108 603 0 0
0 0
130.293 3.77
-6018085 -267787 554.53 632.66
-6005866 -271863 556.89 633.83
109 1224 0 0
0 0
130.293 3.77
-6007046 328875 567.53 622.85
-5994431 326278 568.72 625.30
110 537 0 0
0 0
130.293 3.77
-6002495 -257513 555.37 636.33
-5990265 -261555 557.68 637.55
111 1782 0 247
0 0
130.293 3.77
-5782608 -123624 586.94 604.25
-5770244 -127235 588.76 606.01
112 1358 0 0
0 0
130.293 3.77
-6005301 298762 561.39 629.49
-5992702 296087 562.73 631.80
113 1409 0 255
0 0
130.293 3.77
-5766326 265422 587.46 603.86
-5753733 262721 589.21 605.75
114 549 0 0
0 0
130.293 3.77
-5999664 -264162 556.68 635.83
-5987439 -268217 559.02 637.03
115 672 0 0
0 0
130.293 3.77
-5994043 -349271 575.25 618.89
-5981883 -353517 578.49 619.16
116 350 0 258
0 0
130.293 3.77
-5748104 44647 591.48 605.11
-5735631 41434 593.27 606.92
117 1349 0 0
0 0
130.293 3.77
-5985532 339793 573.55 623.04
-5972910 337229 574.66 625.59
118 1734 0 0
0 0
130.293 3.77
-5976372 -105810 546.81 652.44
-5964026 -109480 548.75 654.07
119 1784 0 254
0 0
130.293 3.77
-5753371 -150664 591.42 608.22
-5741021 -154321 593.24 609.97
120 502 0 0
0 0
130.293 3.77
-5970857 -275546 562.50 638.34
-5958634 -279609 564.89 639.48
121 550 0 0
0 0
130.293 3.77
-5971232 -242242 557.96 642.77
-5958985 -246228 560.21 644.06
122 527 0 0
0 0
130.293 3.77
-5958984 -346854 579.53 624.74
-5946813 -351071 582.69 625.10
123 1356 0 0
0 0
130.293 3.77
-5962565 238400 558.76 644.47
-5949997 235583 560.25 646.61
124 1223 0 0
0 0
130.293 3.77
-5961951 187521 553.86 649.55
-5949412 184576 555.44 651.60
125 1347 0 0
0 0
130.293 3.77
-5958346 295949 567.67 636.79
-5945746 293279 569.02 639.08
126 696 0 44
0 0
130.293 3.77
-6138888 -352467 601.87 605.32
-6126768 -356826 603.75 606.93
127 1195 0 0
0 0
130.293 3.77
-5951037 352474 582.57 624.00
-5938406 349950 583.52 626.70
128 690 0 0
0 0
130.293 3.77
-5936965 -335994 579.51 631.12
-5924781 -340172 582.44 631.71
129 1193 0 0
0 0
130.293 3.77
-5937711 158996 555.25 655.16
-5925188 155987 556.87 657.17
130 1171 0 0
0 0
130.293 3.77
-5934340 198528 558.79 652.60
-5921792 195619 560.35 654.67
131 1775 0 0
0 0
130.293 3.77
-5931099 -33638 551.40 660.93
-5918696 -37112 553.23 662.68
132 645 0 0
0 0
130.293 3.77
-5929289 -218184 561.38 651.47
-5917015 -222089 563.55 652.85
133 1266 0 0
0 0
130.293 3.77
-5932703 324831 577.30 634.57
-5920086 322241 578.52 637.00
134 1210 0 0
0 0
130.293 3.77
-5928205 201686 559.96 653.21
-5915655 198786 561.51 655.28
135 1218 0 0
0 0
130.293 3.77
-5926727 307126 574.34 639.26
-5914119 304491 575.64 641.59
136 623 0 0
0 0
130.293 3.77
-5919519 -330828 580.67 635.00
-5907327 -334982 583.52 635.68
137 520 0 0
0 0
130.293 3.77
-5916661 -317869 578.03 638.47
-5904459 -321992 580.72 639.31
138 1226 0 0
0 0
130.293 3.77
-5921240 300528 573.87 641.31
-5908636 297878 575.20 643.62
139 1202 0 0
0 0
130.293 3.77
-5919008 340020 583.23 632.59
-5906383 337470 584.34 635.14
140 478 0 0
0 0
130.293 3.77
-5902886 -361298 592.99 627.49
-5890713 -365508 596.72 627.28
141 576 0 0
0 0
130.293 3.77
-5907246 -214349 564.18 655.04
-5894965 -218233 566.34 656.43
142 1776 0 0
0 0
130.293 3.77
-5906364 -40573 555.07 664.41
-5893963 -44052 556.92 666.15
143 579 0 0
0 0
130.293 3.77
-5903667 -261555 570.19 650.06
-5891420 -265544 572.52 651.28
144 608 0 0
0 0
130.293 3.77
-5901165 -331131 583.40 637.58
-5888970 -335274 586.25 638.25
145 1317 0 0
0 0
130.293 3.77
-5905391 158863 559.92 659.84
-5892865 155865 561.53 661.85
146 2493 0 0
0 0
38.8394 2.63
-5895329 -237763 568.41 654.26
-5886740 -240397 569.95 655.20
147 1355 0 0
0 0
130.293 3.77
-5893906 189632 563.87 659.21
-5881362 186713 565.44 661.26
148 1320 0 0
0 0
130.293 3.77
-5893447 305297 578.79 644.42
-5880839 302666 580.11 646.75
149 1321 0 0
0 0
130.293 3.77
-5890424 267143 572.89 651.20
-5877836 264417 574.32 653.40
150 2484 0 0
0 0
148.252 6.51
-5883163 -338739 588.05 638.14
-5862035 -345812 593.21 639.08
151 2493 0 0
0 0
255.682 6.30
-5885434 -216221 567.52 658.01
-5864834 -222543 571.14 660.34
152 1370 0 42
0 0
130.293 3.77
-6113956 356231 610.04 618.08
-6101330 353683 611.66 620.10
153 2484 0 0
0 0
384.182 6.11
-5856642 -372449 605.67 628.18
-5836839 -379083 615.04 624.53
154 1247 0 0
0 0
130.293 3.77
-5875060 247874 572.55 655.98
-5862482 245104 574.02 658.14
155 575 0 0
0 0
130.293 3.77
-5870830 -190003 567.24 662.51
-5858526 -193810 569.34 663.97
156 1174 0 0
0 0
130.293 3.77
-5874959 359615 596.31 632.24
-5862323 357123 597.13 635.08
157 1780 0 0
0 0
130.293 3.77
-5866967 -119304 563.22 667.64
-5854613 -122947 565.18 669.25
158 2410 0 0
0 0
1139.67 20.01
-5892320 -35515 557.02 666.51
-5826387 -53811 566.87 675.73
159 2410 0 0
0 0
130.09 5.65
-5869129 6845 560.14 670.09
-5850519 1682 562.83 672.79
160 1752 0 0
0 0
130.293 3.77
-5865374 -78162 561.85 669.47
-5852992 -81709 563.75 671.15
161 2484 0 0
0 0
1541.09 28.82
-5877641 -315841 583.23 644.55
-5784174 -347168 604.89 649.90
162 574 0 0
0 0
130.293 3.77
-5863223 -214610 570.57 661.38
-5850935 -218468 572.73 662.77
163 641 0 0
0 0
130.293 3.77
-5857195 -353104 596.36 637.33
-5845006 -357266 599.69 637.53
164 2410 0 0
0 0
1383.14 23.20
-5890078 -11735 557.14 667.05
-5813620 -32961 568.36 677.92
165 2410 0 0
0 0
1010.98 17.56
-5878942 -63625 559.49 667.91
-5821075 -79691 568.30 675.83
166 2493 0 0
0 0
999.555 16.61
-5873270 -195382 567.34 661.70
-5818980 -212061 576.71 668.02
167 2493 0 0
0 0
70.3539 2.19
-5849303 -251934 576.78 659.19
-5842152 -254132 578.10 659.94
168 1751 0 0
0 0
130.293 3.77
-5852230 3195 562.58 672.54
-5839793 -156 564.38 674.34
169 2484 0 0
0 0
378.9 5.97
-5845047 -351555 597.56 639.64
-5825678 -358046 602.79 640.01
170 1245 0 0
0 0
130.293 3.77
-5849308 256812 577.41 658.56
-5836723 254071 578.87 660.73
171 2493 0 0
0 0
285.813 4.92
-5846679 -228153 574.36 662.37
-5830589 -233097 577.23 664.15
172 686 0 0
0 0
130.293 3.77
-5840232 -347489 596.89 641.70
-5828035 -351628 600.05 642.07
173 2493 0 0
0 0
1214.78 16.51
-5861385 -174445 567.37 665.10
-5807426 -191031 576.48 671.59
174 2493 0 0
0 0
936.064 20.17
-5865574 -148562 565.01 666.25
-5799652 -168827 575.88 674.43
175 1779 0 0
0 0
130.293 3.77
-5842344 17683 564.07 673.91
-5829897 14370 565.84 675.73
176 1219 0 0
0 0
130.293 3.77
-5844135 325132 590.17 647.29
-5831515 322559 591.39 649.72
177 1170 0 0
0 0
130.293 3.77
-5841247 276350 581.35 656.94
-5828651 273659 582.77 659.17
178 1327 0 0
0 0
130.293 3.77
-5839971 235785 576.18 662.49
-5827397 232995 577.68 664.62
179 2484 0 0
0 0
963.747 18.91
-5847455 -301178 584.65 651.85
-5786122 -321743 597.76 656.47
180 1334 0 0
0 0
130.293 3.77
-5834873 125733 568.18 671.96
-5822360 122678 569.83 673.92
181 378 0 280
0 0
130.293 3.77
-5591728 4848 609.45 632.33
-5579263 1604 611.25 634.13
182 2484 0 0
0 0
489.362 10.74
-5828800 -282642 584.14 657.76
-5793960 -294326 591.14 660.83
183 1242 0 0
0 0
130.293 3.77
-5825628 265822 582.07 660.75
-5813038 263108 583.51 662.94
184 2484 0 0
0 0
172.492 6.37
-5822430 -259981 581.72 662.02
-5801773 -266908 585.67 664.04
185 2410 0 0
0 0
33.4401 4.39
-5818702 -7160 567.43 677.38
-5804225 -11190 569.54 679.46
186 2493 0 0
0 0
60.6419 3.83
-5814984 -139535 571.79 674.10
-5802477 -143383 573.82 675.68
187 1740 0 0
0 0
130.293 3.77
-5812162 1946 568.37 678.33
-5799722 -1390 570.17 680.13
188 1392 0 46
0 0
130.293 3.77
-6050250 365287 620.06 626.47
-6037617 362777 621.64 628.54
189 1181 0 0
0 0
130.293 3.77
-5809642 261315 583.75 663.68
-5797053 258594 585.20 665.87
190 1781 0 50
0 0
130.293 3.77
-6029800 -68706 614.93 632.93
-6017435 -72314 616.73 634.70
191 1739 0 0
0 0
130.293 3.77
-5808107 10475 568.98 678.90
-5795661 7159 570.76 680.71
192 1284 0 0
0 0
130.293 3.77
-5808497 290525 588.37 659.39
-5795892 287875 589.75 661.66
193 129 0 0
0 0
130.293 3.77
-5801198 68917 570.86 679.01
-5788716 65740 572.58 680.90
194 1787 0 55
0 0
130.293 3.77
-6010570 -157392 618.38 635.04
-5998267 -161204 620.20 636.78
195 683 0 0
0 0
130.293 3.77
-5781672 -351299 606.63 648.88
-5769465 -355409 609.88 649.16
196 1283 0 0
0 0
130.293 3.77
-5786383 269694 588.29 665.86
-5773788 266998 589.72 668.07
197 748 0 57
0 0
130.293 3.77
-6003139 -326877 623.10 632.47
-5990964 -331078 625.03 634.05
198 1354 0 0
0 0
130.293 3.77
-5782700 229021 583.70 671.52
-5770126 226229 585.22 673.63
199 1393 0 51
0 0
130.293 3.77
-6007774 368101 626.51 632.30
-5995138 365607 628.06 634.40
200 624 0 0
0 0
130.293 3.77
-5760608 -276906 593.09 668.51
-5748345 -280843 595.48 669.67
201 82 0 0
0 0
130.293 3.77
-5762483 -44255 575.92 685.14
-5750065 -47677 577.78 686.87
202 1384 0 54
0 0
130.293 3.77
-5999652 359299 626.81 634.34
-5987020 356783 628.43 636.38
203 1180 0 0
0 0
130.293 3.77
-5763214 313541 599.27 661.58
-5750596 310956 600.56 663.93
204 1336 0 0
0 0
130.293 3.77
-5761387 175152 581.88 679.50
-5748841 172238 583.47 681.53
205 86 0 0
0 0
130.293 3.77
-5756855 -16591 576.41 686.27
-5744420 -19947 578.23 688.05
206 481 0 0
0 0
130.293 3.77
-5747745 -305717 599.93 665.39
-5735499 -309708 602.49 666.37
207 1216 0 0
0 0
130.293 3.77
-5741548 304461 600.58 666.53
-5728934 301858 601.90 668.85
208 1394 0 59
0 0
130.293 3.77
-5975543 347671 629.41 638.71
-5962917 345130 631.07 640.70
209 1254 0 0
0 0
130.293 3.77
-5738139 286164 597.81 670.29
-5725533 283519 599.20 672.54
210 1395 0 61
0 0
130.293 3.77
-5966245 331654 629.80 641.01
-5953626 329073 631.48 642.97
211 1360 0 62
0 0
130.293 3.77
-5962804 253109 627.36 644.44
-5950228 250329 629.10 646.33
212 1396 0 63
0 0
130.293 3.77
-5962608 356406 631.92 639.93
-5949976 353890 633.55 641.96
213 724 0 77
0 0
130.293 3.77
-5912280 -243775 632.82 639.85
-5900022 -247728 634.64 641.58
214 684 0 0
0 0
130.293 3.77
-5718425 -334248 610.62 663.17
-5706193 -338282 613.49 663.84
215 573 0 0
0 0
130.293 3.77
-5719654 -297046 602.36 671.08
-5707397 -301002 604.86 672.12
216 1255 0 0
0 0
130.293 3.77
-5721640 339221 611.52 661.34
-5709008 336705 612.65 663.87
217 2435 0 0
0 0
358.186 12.02
-5724078 -142567 585.10 687.06
-5684589 -153990 591.51 692.06
218 328 0 293
0 0
130.293 3.77
-5468585 -159096 632.45 644.92
-5456201 -162636 634.27 646.68
219 88 0 0
0 0
130.293 3.77
-5705757 62190 584.49 692.97
-5693270 59033 586.22 694.85
220 188 0 0
0 0
130.293 3.77
-5695115 -321727 610.91 669.62
-5682870 -325721 613.61 670.46
221 103 0 0
0 0
130.293 3.77
-5696177 -258835 599.81 680.41
-5683889 -262696 602.11 681.66
222 15 0 0
0 0
130.293 3.77
-5691571 24684 585.91 695.64
-5679105 21447 587.68 697.47
223 2435 0 0
0 0
628.713 12.38
-5703269 -124121 587.11 691.06
-5662597 -135897 593.61 696.32
224 67 0 0
0 0
130.293 3.77
-5684654 -268152 602.77 680.78
-5672371 -272026 605.11 681.99
225 2435 0 0
0 0
216.443 10.79
-5680143 -106348 589.64 695.22
-5644696 -116622 595.22 699.88
226 2515 0 0
0 0
593.098 10.77
-5658063 -352346 624.86 666.37
-5623142 -364065 634.68 666.65
227 2515 0 0
0 0
294.701 5.93
-5653943 -328926 618.57 673.85
-5634720 -335376 623.02 674.96
228 382 0 297
0 0
130.293 3.77
-5419253 343695 640.91 650.72
-5406611 341231 642.58 652.70
229 90 0 0
0 0
130.293 3.77
-5653741 -62206 592.00 700.48
-5641322 -65620 593.88 702.19
230 2515 0 0
0 0
98.0469 3.48
-5649835 -305507 614.03 679.58
-5638547 -309294 616.41 680.46
231 1405 0 72
0 0
130.293 3.77
-5890022 349174 641.87 650.96
-5877391 346653 643.53 652.96
232 1377 0 75
0 0
130.293 3.77
-5866879 227512 640.59 658.93
-5854311 224694 642.35 660.81
233 1379 0 76
0 0
130.293 3.77
-5865621 170682 639.72 660.17
-5853085 167725 641.49 662.02
234 1385 0 78
0 0
130.293 3.77
-5863342 277497 642.45 658.10
-5850747 274803 644.18 660.00
235 1794 0 90
0 0
130.293 3.77
-5842273 -111550 642.28 659.78
-5829910 -115163 644.09 661.54
236 60 0 0
0 0
130.293 3.77
-5609435 -198283 605.72 699.57
-5597094 -201970 607.83 701.02
237 14 0 0
0 0
130.293 3.77
-5610894 167596 603.08 701.79
-5598343 164706 604.69 703.81
238 1386 0 83
0 0
130.293 3.77
-5847198 196015 642.80 662.41
-5834646 193126 644.56 664.27
239 1402 0 86
0 0
130.293 3.77
-5835905 306433 647.46 661.02
-5823293 303816 649.17 662.94
240 61 0 0
0 0
130.293 3.77
-5592392 -317655 624.84 685.37
-5580125 -321581 627.49 686.27
241 1401 0 88
0 0
130.293 3.77
-5828902 228933 646.11 664.38
-5816331 226129 647.87 666.26
242 1400 0 95
0 0
130.293 3.77
-5812836 219475 648.23 666.91
-5800269 216652 649.98 668.79
243 1403 0 99
0 0
130.293 3.77
-5807460 342962 653.39 663.30
-5794829 340440 655.06 665.28
244 1399 0 100
0 0
130.293 3.77
-5806895 246132 649.70 667.15
-5794314 243375 651.45 669.04
245 2595 0 0
0 0
70.4173 4.39
-5566507 -174059 609.96 707.74
-5552080 -178189 612.35 709.51
246 1361 0 101
0 0
130.293 3.77
-5803057 374329 656.93 661.03
-5790411 371885 658.39 663.23
247 1782 0 111
0 0
130.293 3.77
-5782608 -123624 651.00 668.30
-5770244 -127235 652.81 670.06
248 58 0 0
0 0
130.293 3.77
-5552764 -145315 610.02 711.64
-5540382 -148864 612.03 713.22
249 79 0 0
0 0
130.293 3.77
-5549803 -37792 606.55 715.97
-5537358 -41112 608.40 717.72
250 2595 0 0
0 0
345.309 5.95
-5539902 -206155 616.48 708.90
-5520344 -211762 619.84 711.19
251 56 0 0
0 0
130.293 3.77
-5527203 -369951 651.67 677.38
-5514958 -373946 656.13 676.46
252 2595 0 0
0 0
1414.14 24.58
-5563300 -150535 608.82 709.80
-5482486 -173710 622.07 719.90
253 321 0 0
0 0
130.293 3.77
-5530792 -217860 618.93 709.08
-5518452 -221549 621.09 710.49
254 1784 0 119
0 0
130.293 3.77
-5753371 -150664 655.47 672.28
-5741021 -154321 657.29 674.02
255 1409 0 113
0 0
130.293 3.77
-5766326 265422 656.09 672.49
-5753733 262721 657.84 674.38
256 2595 0 0
0 0
381.671 5.95
-5529836 -184591 616.07 712.22
-5510264 -190204 619.36 714.59
257 208 0 0
0 0
130.293 3.77
-5515433 85627 612.66 719.79
-5502918 82584 614.37 721.70
258 350 0 116
0 0
130.293 3.77
-5748104 44647 660.11 673.74
-5735631 41434 661.90 675.55
259 2595 0 0
0 0
1496.77 27.19
-5540764 -132544 611.03 714.10
-5451375 -158209 625.48 725.48
260 2595 0 0
0 0
331.408 7.59
-5510561 -92296 613.60 720.27
-5485607 -99459 617.47 723.60
261 2595 0 0
0 0
133.148 4.04
-5502260 -192519 620.71 715.55
-5488994 -196327 622.95 717.14
262 2595 0 0
0 0
478.92 10.01
-5511110 -116599 614.52 719.18
-5478219 -126043 619.73 723.48
263 2595 0 0
0 0
0.00108299 0.02
-5493061 -72862 615.50 723.42
-5493008 -72877 615.51 723.43
264 192 0 0
0 0
130.293 3.77
-5485819 -365149 655.05 685.97
-5473563 -369111 658.92 685.63
265 148 0 0
0 0
130.293 3.77
-5483375 -176041 622.12 719.60
-5471003 -179622 624.18 721.11
266 317 0 0
0 0
130.293 3.77
-5478865 -58014 617.18 725.84
-5466424 -61349 619.05 727.57
267 2411 0 0
0 0
945.191 15.00
-5470998 -343121 648.88 696.41
-5422103 -358624 661.34 698.08
268 2411 0 0
0 0
740.198 18.58
-5459315 -322180 645.09 703.58
-5398753 -341391 658.81 707.36
269 359 0 318
0 0
130.293 3.77
-5210367 -103415 669.39 682.60
-5197924 -106742 671.21 684.38
270 2411 0 0
0 0
159.731 4.23
-5444638 -302162 643.04 709.87
-5430837 -306539 645.88 711.02
271 2481 0 0
0 0
152.409 6.19
-5445219 137591 625.12 727.63
-5424566 132982 627.85 730.86
272 173 0 0
0 0
130.293 3.77
-5433575 -346274 655.27 700.84
-5421298 -350171 658.32 701.34
273 2481 0 0
0 0
457.226 9.98
-5432047 158754 628.31 728.24
-5398742 151310 632.64 733.53
274 2481 0 0
0 0
7.82135 0.96
-5402873 248607 640.87 724.11
-5399684 247893 641.24 724.66
275 2481 0 0
0 0
700.749 11.10
-5418873 179914 631.74 728.62
-5381820 171621 636.47 734.60
276 2481 0 0
0 0
211.163 4.93
-5407597 225574 637.53 726.08
-5391128 221888 639.53 728.85
277 2481 0 0
0 0
499.233 8.52
-5410997 202247 634.75 727.88
-5382571 195882 638.29 732.55
278 191 0 0
0 0
130.293 3.77
-5396754 12975 628.43 738.32
-5384268 9816 630.22 740.13
279 6 0 0
0 0
130.293 3.77
-5391590 71668 630.13 738.11
-5379073 68632 631.86 740.00
280 378 0 181
0 0
130.293 3.77
-5591728 4848 678.08 700.95
-5579263 1604 679.88 702.75
281 3 0 0
0 0
130.293 3.77
-5335648 233616 648.81 735.60
-5323051 230931 650.33 737.71
282 324 0 0
0 0
130.293 3.77
-5324144 -320989 664.34 723.38
-5311835 -324780 667.00 724.28
283 121 0 0
0 0
130.293 3.77
-5320250 355679 674.90 713.96
-5307601 353252 675.82 716.68
284 333 0 328
0 0
130.293 3.77
-5061989 35906 690.60 704.26
-5049467 32890 692.41 706.08
285 212 0 0
0 0
130.293 3.77
-5279701 -6422 645.32 755.25
-5267215 -9583 647.13 757.04
286 119 0 0
0 0
130.293 3.77
-5273916 55792 646.74 755.50
-5261399 52757 648.49 757.37
287 303 0 0
0 0
130.293 3.77
-5271529 -114480 649.04 753.89
-5259098 -117851 650.99 755.53
288 34 0 0
0 0
130.293 3.77
-5258950 -365938 688.22 718.35
-5246656 -369781 692.10 718.02
289 48 0 0
0 0
130.293 3.77
-5264621 -150431 651.97 752.96
-5252208 -153868 653.98 754.53
290 344 0 332
0 0
130.293 3.77
-5026465 -180365 696.52 708.61
-5014042 -183767 698.35 710.37
291 211 0 0
0 0
130.293 3.77
-5233335 74552 653.08 760.89
-5220806 71566 654.80 762.79
292 332 0 339
0 0
130.293 3.77
-4995083 -92697 700.44 713.75
-4982615 -95930 702.26 715.54
293 328 0 218
0 0
130.293 3.77
-5468585 -159096 701.07 713.54
-5456201 -162636 702.89 715.30
294 360 0 346
0 0
130.293 3.77
-4983780 -112076 702.17 715.29
-4971321 -115341 703.99 717.07
295 138 0 0
0 0
130.293 3.77
-5199659 -373030 701.01 722.69
-5187361 -376856 706.03 721.22
296 193 0 0
0 0
130.293 3.77
-5202682 -232402 667.89 754.94
-5190305 -235969 670.08 756.32
297 382 0 228
0 0
130.293 3.77
-5419253 343695 709.53 719.34
-5406611 341231 711.20 721.32
298 352 0 350
0 0
130.293 3.77
-4910960 -198152 713.39 725.11
-4898535 -201544 715.23 726.87
299 2585 0 372
0 0
798.144 15.02
-4834301 47136 714.39 732.54
-4784220 35706 721.59 739.81
300 2391 0 0
0 0
950.699 16.58
-5121986 117811 670.80 775.34
-5066697 105162 678.23 783.89
301 2391 0 0
0 0
153.72 9.92
-5109517 139077 673.71 776.04
-5076434 131507 678.07 781.23
302 2585 0 373
0 0
342.498 4.75
-4807668 113405 718.58 736.04
-4791844 109792 720.84 738.36
303 2501 0 0
0 0
271.901 10.07
-5097951 -138505 675.34 777.74
-5064749 -147609 680.67 782.00
304 2585 0 374
0 0
853.981 12.23
-4817933 67520 716.83 734.83
-4777168 58209 722.68 740.76
305 2585 0 375
0 0
152.22 4.95
-4802883 136431 719.46 736.54
-4786371 132659 721.82 738.96
306 2501 0 0
0 0
826.355 14.51
-5095041 -163684 677.34 776.59
-5047184 -176812 685.20 782.55
307 2501 0 0
0 0
543.842 15.39
-5091408 -189061 679.78 775.19
-5040650 -202988 688.33 781.31
308 210 0 0
0 0
130.293 3.77
-5073830 141195 678.98 781.07
-5061262 138375 680.64 783.05
309 2585 0 377
0 0
887.719 20.18
-4810000 89838 718.09 735.86
-4742731 74450 727.72 745.66
310 98 0 0
0 0
130.293 3.77
-5059231 142963 681.20 783.08
-5046662 140149 682.85 785.06
311 942 0 355
0 0
130.293 3.77
-4839315 209315 728.45 739.90
-4826712 206660 730.24 741.76
312 282 0 0
0 0
130.293 3.77
-5042511 -201213 687.90 781.21
-5030100 -204659 690.00 782.68
313 2585 0 381
0 0
359.574 7.02
-4762936 103198 724.97 742.58
-4739541 97835 728.31 745.99
314 2585 0 382
0 0
29.2894 1.93
-4746804 123623 727.45 744.76
-4740384 122150 728.37 745.70
315 971 0 360
0 0
130.293 3.77
-4821777 316739 732.91 740.51
-4809134 314279 734.67 742.40
316 28 0 0
0 0
130.293 3.77
-5007110 -233725 696.29 783.04
-4994711 -237214 698.48 784.44
317 969 0 362
0 0
130.293 3.77
-4801647 -170109 733.48 745.75
-4789198 -173415 735.31 747.52
318 359 0 269
0 0
130.293 3.77
-5210367 -103415 738.01 751.21
-5197924 -106742 739.82 752.99
319 209 0 0
0 0
130.293 3.77
-4912589 141964 702.32 804.32
-4900014 139175 703.98 806.29
320 922 0 0
0 0
130.293 3.77
-4897149 -72308 701.59 809.51
-4884665 -75476 703.48 811.23
321 855 0 0
0 0
130.293 3.77
-4888558 -112503 704.28 809.30
-4876091 -115738 706.23 810.95
322 935 0 0
0 0
130.293 3.77
-4884253 171118 708.32 806.51
-4871666 168387 709.94 808.52
323 791 0 0
0 0
130.293 3.77
-4880142 -245700 716.04 799.98
-4867736 -249162 718.26 801.34
324 787 0 0
0 0
130.293 3.77
-4860952 -584 705.81 815.74
-4848434 -3616 707.63 817.55
325 2514 0 0
0 0
38.4881 3.04
-4855153 336900 736.07 787.17
-4844942 334888 737.00 789.19
326 2514 0 0
0 0
304.786 7.35
-4856121 313137 730.25 792.70
-4831463 308274 732.82 797.26
327 930 0 0
0 0
130.293 3.77
-4842483 -258100 723.06 803.83
-4830079 -261569 725.32 805.16
328 333 0 284
0 0
130.293 3.77
-5061989 35906 759.21 772.88
-5049467 32890 761.02 774.69
329 2514 0 0
0 0
1295.88 19.47
-4853198 288632 726.08 797.72
-4787887 275717 733.45 809.21
330 2514 0 0
0 0
206.497 6.44
-4806422 303373 735.48 801.83
-4784808 299087 737.80 805.76
331 943 0 398
0 0
130.293 3.77
-4588863 196159 764.48 776.23
-4576258 193512 766.27 778.08
332 344 0 290
0 0
130.293 3.77
-5026465 -180365 765.13 777.22
-5014042 -183767 766.96 778.98
333 840 0 0
0 0
130.293 3.77
-4785075 17159 716.83 826.65
-4772545 14176 718.62 828.48
334 907 0 0
0 0
130.293 3.77
-4783075 -211775 726.37 817.69
-4770644 -215145 728.49 819.16
335 790 0 0
0 0
130.293 3.77
-4768885 -174302 725.22 822.94
-4756436 -177605 727.27 824.49
336 876 0 0
0 0
130.293 3.77
-4767442 -79983 720.55 828.02
-4754952 -83127 722.46 829.73
337 853 0 0
0 0
130.293 3.77
-4764918 -102780 721.73 827.57
-4752437 -105962 723.67 829.24
338 2513 0 0
0 0
532.354 7.78
-4766068 -120278 722.34 826.63
-4740259 -126688 726.39 830.04
339 332 0 292
0 0
130.293 3.77
-4995083 -92697 769.05 782.36
-4982615 -95930 770.87 784.15
340 952 0 402
0 0
130.293 3.77
-4551379 10274 768.91 782.63
-4538840 7331 770.72 784.44
341 2513 0 0
0 0
444.201 6.25
-4759485 -97689 722.32 828.56
-4738752 -102840 725.51 831.35
342 2513 0 0
0 0
417.365 6.67
-4759402 -25036 720.60 830.29
-4737273 -30534 723.86 833.43
343 2513 0 0
0 0
645.794 12.13
-4765246 -47808 720.08 829.13
-4725002 -57809 726.09 834.74
344 2513 0 0
0 0
414.71 5.64
-4753216 -2348 721.38 831.30
-4734496 -7000 724.09 834.00
345 2513 0 0
0 0
376.727 5.50
-4751547 -75438 722.71 830.46
-4733304 -79972 725.48 832.95
346 360 0 294
0 0
130.293 3.77
-4983780 -112076 770.78 783.90
-4971321 -115341 772.60 785.68
347 2513 0 0
0 0
144.278 4.38
-4745068 19852 722.63 832.41
-4730543 16242 724.70 834.53
348 843 0 0
0 0
130.293 3.77
-4740754 -10707 723.20 833.08
-4728233 -13727 725.02 834.88
349 836 0 0
0 0
130.293 3.77
-4709772 202411 736.08 829.16
-4697168 199761 737.66 831.22
350 352 0 298
0 0
130.293 3.77
-4910960 -198152 782.00 793.72
-4898535 -201544 783.84 795.47
351 807 0 0
0 0
130.293 3.77
-4653052 84904 737.24 844.39
-4640489 82063 738.96 846.29
352 808 0 0
0 0
130.293 3.77
-4654303 329989 763.27 817.99
-4641654 327563 764.49 820.42
353 793 0 0
0 0
130.293 3.77
-4649062 112495 738.88 843.89
-4636489 109700 740.58 845.83
354 2343 0 0
0 0
39.5161 2.67
-4635887 11440 738.35 848.23
-4626993 9398 739.63 849.52
355 942 0 311
0 0
130.293 3.77
-4839315 209315 787.91 799.36
-4826712 206660 789.69 801.22
356 2343 0 0
0 0
992.206 12.89
-4640266 60694 738.40 846.91
-4597298 50820 744.40 853.33
357 2343 0 0
0 0
316.129 7.30
-4628278 33817 739.65 849.13
-4603939 28224 743.10 852.71
358 2343 0 0
0 0
986.106 12.89
-4635035 83617 739.80 847.03
-4592066 73740 745.70 853.54
359 2386 0 0
0 0
63.2345 4.35
-4624016 372589 783.85 806.16
-4609357 370016 784.31 809.94
360 971 0 315
0 0
130.293 3.77
-4821777 316739 792.37 799.97
-4809134 314279 794.13 801.86
361 779 0 0
0 0
130.293 3.77
-4598470 -34537 743.96 853.43
-4585951 -37563 745.81 855.19
362 969 0 317
0 0
130.293 3.77
-4801647 -170109 792.94 805.21
-4789198 -173415 794.77 806.98
363 908 0 0
0 0
130.293 3.77
-4578249 -65480 747.48 855.75
-4565740 -68551 749.36 857.48
364 927 0 0
0 0
130.293 3.77
-4573660 -31996 747.51 857.04
-4561138 -35012 749.36 858.81
365 824 0 0
0 0
130.293 3.77
-4572392 138093 751.25 853.67
-4559807 135353 752.91 855.64
366 823 0 0
0 0
130.293 3.77
-4564388 266543 764.40 842.84
-4551758 264016 765.86 845.02
367 770 0 0
0 0
130.293 3.77
-4561956 216154 758.74 849.20
-4549343 213544 760.30 851.28
368 788 0 0
0 0
130.293 3.77
-4551037 180625 757.17 853.92
-4538436 177957 758.79 855.94
369 812 0 0
0 0
130.293 3.77
-4547737 333300 779.51 832.54
-4535085 330885 780.71 834.99
370 929 0 0
0 0
130.293 3.77
-4540304 264450 767.58 846.61
-4527675 261921 769.05 848.79
371 909 0 0
0 0
130.293 3.77
-4536052 -58642 753.41 862.01
-4523539 -61692 755.29 863.75
372 2585 0 299
0 0
798.144 15.02
-4834301 47136 796.72 814.87
-4784220 35706 803.92 822.14
373 2585 0 302
0 0
342.498 4.75
-4807668 113405 800.91 818.37
-4791844 109792 803.17 820.68
374 2585 0 304
0 0
853.981 12.23
-4817933 67520 799.16 817.16
-4777168 58209 805.01 823.09
375 2585 0 305
0 0
152.22 4.95
-4802883 136431 801.79 818.87
-4786371 132659 804.14 821.29
376 832 0 0
0 0
130.293 3.77
-4512588 -51726 756.65 865.55
-4500070 -54760 758.52 867.29
377 2585 0 309
0 0
887.719 20.18
-4810000 89838 800.41 818.19
-4742731 74450 810.05 827.99
378 758 0 0
0 0
130.293 3.77
-4490806 89044 760.81 867.68
-4478236 86238 762.53 869.59
379 766 0 0
0 0
130.293 3.77
-4488720 -54742 760.16 868.93
-4476202 -57775 762.03 870.68
380 778 0 0
0 0
130.293 3.77
-4475994 322053 787.12 845.65
-4463346 319623 788.39 848.03
381 2585 0 313
0 0
359.574 7.02
-4762936 103198 807.30 824.91
-4739541 97835 810.64 828.32
382 2585 0 314
0 0
29.2894 1.93
-4746804 123623 809.78 827.08
-4740384 122150 810.70 828.02
383 898 0 0
0 0
130.293 3.77
-4451620 125168 768.01 871.80
-4439036 122425 769.69 873.76
384 901 0 0
0 0
130.293 3.77
-4450114 220002 775.28 864.96
-4437497 217409 776.84 867.05
385 926 0 0
0 0
130.293 3.77
-4445255 9769 765.89 875.76
-4432711 6846 767.69 877.58
386 937 0 0
0 0
130.293 3.77
-4440943 210634 775.68 867.22
-4428330 208027 777.25 869.29
387 869 0 0
0 0
130.293 3.77
-4431671 61151 768.54 877.03
-4419108 58310 770.29 878.91
388 815 0 0
0 0
130.293 3.77
-4423446 225683 779.73 868.22
-4410828 223102 781.28 870.32
389 783 0 0
0 0
130.293 3.77
-4423827 352286 803.15 844.69
-4411169 349906 804.16 847.34
390 2383 0 0
0 0
11.6869 1.45
-4414161 313596 794.19 856.44
-4409271 312701 794.71 857.33
391 2383 0 0
0 0
409.041 8.72
-4425353 339548 798.90 848.50
-4396015 334175 801.66 854.22
392 774 0 0
0 0
130.293 3.77
-4407930 -6759 771.27 881.16
-4395390 -9701 773.09 882.97
393 866 0 0
0 0
130.293 3.77
-4405682 187391 778.71 874.37
-4393076 184750 780.32 876.40
394 2383 0 0
0 0
985.082 15.52
-4437736 365715 806.74 837.08
-4385543 356158 810.11 848.79
395 839 0 0
0 0
130.293 3.77
-4397393 172074 778.72 876.75
-4384791 169411 780.35 878.77
396 872 0 0
0 0
130.293 3.77
-4390518 -75140 774.86 882.60
-4378002 -78182 776.75 884.32
397 865 0 0
0 0
130.293 3.77
-4391571 233059 785.14 872.02
-4378950 230492 786.67 874.13
398 943 0 331
0 0
130.293 3.77
-4588863 196159 823.93 835.69
-4576258 193512 825.72 837.54
399 765 0 0
0 0
130.293 3.77
-4373003 371566 819.42 843.10
-4360339 369218 819.80 846.37
400 781 0 0
0 0
130.293 3.77
-4364674 -41030 777.83 887.10
-4352144 -44015 779.69 888.86
401 805 0 0
0 0
130.293 3.77
-4358740 284089 796.76 869.88
-4346102 281604 798.19 872.10
402 952 0 340
0 0
130.293 3.77
-4551379 10274 828.37 842.08
-4538840 7331 830.18 843.89
403 896 0 0
0 0
130.293 3.77
-4341999 -67721 781.66 889.82
-4329478 -70740 783.55 891.54
404 925 0 0
0 0
130.293 3.77
-4307071 308963 808.71 872.86
-4294425 306519 810.05 875.17
405 769 0 0
0 0
130.293 3.77
-4302663 -12589 786.49 896.34
-4290121 -15518 788.32 898.14
406 873 0 0
0 0
130.293 3.77
-4297933 -46186 787.55 896.65
-4285402 -49165 789.42 898.41
407 763 0 0
0 0
130.293 3.77
-4297268 22035 787.34 897.06
-4284714 19158 789.13 898.90
408 914 0 0
0 0
130.293 3.77
-4288101 223105 799.01 888.04
-4275481 220530 800.56 890.13
409 965 0 456
0 0
130.293 3.77
-4079825 376545 842.89 844.87
-4067159 374206 844.47 846.95
410 915 0 0
0 0
130.293 3.77
-4264854 192898 799.51 894.25
-4252243 190280 801.11 896.29
411 863 0 0
0 0
130.293 3.77
-4262406 281460 810.25 884.21
-4249768 278975 811.69 886.43
412 814 0 0
0 0
130.293 3.77
-4253203 158436 798.60 898.53
-4240603 155768 800.24 900.52
413 810 0 0
0 0
130.293 3.77
-4252389 164218 799.11 898.25
-4239786 161558 800.75 900.25
414 1084 0 462
0 0
130.293 3.77
-4028412 -223449 841.62 856.42
-4015926 -226613 843.47 858.17
415 830 0 0
0 0
130.293 3.77
-4248496 193210 801.90 896.58
-4235884 190594 803.50 898.63
416 833 0 0
0 0
130.293 3.77
-4230566 338219 826.65 877.01
-4217911 335821 827.82 879.50
417 919 0 0
0 0
130.293 3.77
-4228943 325855 823.69 880.44
-4216291 323439 824.95 882.84
418 857 0 0
0 0
130.293 3.77
-4227171 237725 809.41 895.23
-4214546 235177 810.95 897.35
419 923 0 0
0 0
130.293 3.77
-4218726 119211 801.35 905.73
-4206137 116489 803.04 907.67
420 1644 0 463
0 0
130.293 3.77
-3980439 -13584 842.24 865.08
-3967883 -16458 844.05 866.89
421 773 0 0
0 0
130.293 3.77
-4212455 101473 801.48 907.41
-4199872 98726 803.19 909.34
422 1028 0 0
0 0
130.293 3.77
-4202965 -329184 828.26 883.38
-4190530 -332540 830.91 884.32
423 891 0 0
0 0
130.293 3.77
-4203161 168856 806.54 905.03
-4190556 166208 808.18 907.04
424 800 0 0
0 0
130.293 3.77
-4192704 69879 803.28 911.32
-4180130 67088 805.02 913.21
425 2377 0 0
0 0
315.053 16.15
-4200247 -285379 819.86 892.56
-4146919 -299716 830.06 897.77
426 2377 0 0
0 0
1513.05 23.04
-4198234 -310272 824.69 888.31
-4122139 -330737 840.32 894.66
427 2377 0 0
0 0
1417.05 20.85
-4190121 -336802 832.10 883.24
-4121248 -355326 847.96 887.28
428 1642 0 466
0 0
130.293 3.77
-3935541 292857 852.85 867.44
-3922897 290401 854.58 869.36
429 804 0 0
0 0
130.293 3.77
-4172484 216001 814.98 905.46
-4159865 213425 816.55 907.54
430 784 0 0
0 0
130.293 3.77
-4148410 213946 818.25 909.14
-4135791 211369 819.83 911.21
431 2453 0 0
0 0
737.202 10.89
-4124516 -368957 853.71 880.58
-4088589 -378766 867.09 877.58
432 1001 0 0
0 0
130.293 3.77
-4120001 -341546 843.58 892.02
-4107564 -344893 846.38 892.81
433 990 0 0
0 0
130.293 3.77
-4111449 -270178 830.34 907.73
-4098985 -273426 832.62 909.05
434 2453 0 0
0 0
404.764 7.68
-4107382 -349273 847.82 891.42
-4082050 -356191 853.95 892.61
435 2453 0 0
0 0
46.718 2.51
-4083983 -331304 845.98 900.03
-4075717 -333561 847.75 900.63
436 1645 0 477
0 0
130.293 3.77
-3847279 162993 862.56 883.22
-3834670 160368 864.35 885.08
437 889 0 0
0 0
130.293 3.77
-4057594 297884 842.62 911.00
-4044949 295432 844.01 913.27
438 2423 0 0
0 0
748.385 9.80
-4051855 -350679 856.31 898.97
-4019494 -359442 864.29 900.34
439 1037 0 0
0 0
130.293 3.77
-4045784 -143026 827.60 929.44
-4033273 -146087 829.59 931.06
440 2423 0 0
0 0
793.822 10.37
-4048291 -327291 850.13 906.18
-4014064 -336559 857.46 908.73
441 2423 0 0
0 0
636.696 10.89
-4044571 -303945 845.63 911.75
-4008634 -313676 852.78 914.99
442 1625 0 0
0 0
130.293 3.77
-4005812 64907 830.15 938.43
-3993234 62134 831.89 940.32
443 1050 0 0
0 0
130.293 3.77
-4000255 -92705 831.80 938.39
-3987726 -95689 833.72 940.09
444 1052 0 0
0 0
130.293 3.77
-3965873 -145646 839.29 940.82
-3953359 -148693 841.29 942.44
445 2368 0 0
0 0
15.3471 1.88
-3958968 191941 843.61 938.50
-3952665 190672 844.41 939.52
446 1585 0 0
0 0
130.293 3.77
-3952574 -17151 837.09 946.87
-3940019 -20026 838.92 948.66
447 1597 0 0
0 0
130.293 3.77
-3944218 124281 841.25 945.12
-3931621 121596 842.94 947.07
448 2424 0 0
0 0
7.60417 1.89
-3932928 326218 866.53 923.10
-3926567 325040 867.17 924.30
449 2368 0 0
0 0
945.787 23.49
-3951657 214490 846.72 937.50
-3872926 198581 856.61 950.35
450 2368 0 0
0 0
1268.96 16.90
-3939532 236027 850.76 936.96
-3882872 224576 857.69 946.40
451 1623 0 0
0 0
130.293 3.77
-3913454 333190 871.09 924.16
-3900799 330789 872.30 926.61
452 2424 0 0
0 0
746.618 17.90
-3941602 351760 872.61 914.51
-3881399 340590 877.76 926.76
453 2368 0 0
0 0
885.371 14.66
-3927380 257565 855.17 936.06
-3878230 247625 860.99 944.43
454 2368 0 0
0 0
90.7107 6.87
-3892633 178591 852.12 949.15
-3869620 173929 855.09 952.83
455 1635 0 0
0 0
130.293 3.77
-3884329 291330 866.49 937.18
-3871686 288873 867.90 939.42
456 965 0 409
0 0
130.293 3.77
-4079825 376545 902.34 904.31
-4067159 374206 903.91 906.40
457 1586 0 0
0 0
130.293 3.77
-3864924 -60048 850.38 958.89
-3852379 -62965 852.26 960.64
458 2424 0 0
0 0
1366.85 31.32
-3916764 371144 885.04 909.26
-3811450 351499 891.32 933.40
459 1622 0 0
0 0
130.293 3.77
-3838878 217728 863.33 953.46
-3826253 215175 864.90 955.54
460 1617 0 0
0 0
130.293 3.77
-3835608 321255 879.42 938.31
-3822957 318839 880.71 940.68
461 1618 0 0
0 0
130.293 3.77
-3829646 367873 895.69 923.77
-3816983 365519 896.29 926.83
462 1084 0 414
0 0
130.293 3.77
-4028412 -223449 905.63 920.44
-4015926 -226613 907.49 922.18
463 1644 0 420
0 0
130.293 3.77
-3980439 -13584 910.82 933.67
-3967883 -16458 912.64 935.48
464 2451 0 0
0 0
1077.03 16.66
-3720466 -182957 877.32 973.67
-3665061 -196186 886.42 980.57
465 2451 0 0
0 0
388.299 9.66
-3709189 -209820 881.29 972.96
-3677060 -217492 886.68 976.85
466 1642 0 428
0 0
130.293 3.77
-3935541 292857 921.43 936.03
-3922897 290401 923.17 937.94
467 2451 0 0
0 0
759.622 14.97
-3702868 -162991 878.39 977.68
-3653085 -174883 886.43 984.02
468 2451 0 0
0 0
1179.51 18.01
-3700992 -139269 877.18 979.44
-3641094 -153580 886.69 987.23
469 1619 0 0
0 0
130.293 3.77
-3676945 328004 903.93 959.63
-3664292 325597 905.18 962.04
470 2451 0 0
0 0
917.75 14.90
-3680500 -119995 879.13 983.41
-3630941 -131843 886.88 989.96
471 984 0 0
0 0
130.293 3.77
-3658386 -123800 882.51 986.41
-3645850 -126758 884.47 988.07
472 1588 0 0
0 0
130.293 3.77
-3654680 7048 880.06 989.93
-3642108 4246 881.87 991.75
473 2451 0 0
0 0
421.524 8.90
-3658632 -101052 881.45 987.39
-3629021 -108135 886.02 991.38
474 1011 0 0
0 0
130.293 3.77
-3645841 -315474 905.55 966.99
-3633360 -318654 908.05 968.10
475 2451 0 0
0 0
13.7579 1.58
-3641446 -80991 883.22 990.59
-3636182 -82250 884.02 991.31
476 1589 0 0
0 0
130.293 3.77
-3638066 220108 892.58 982.21
-3625439 217567 894.14 984.29
477 1645 0 436
0 0
130.293 3.77
-3847279 162993 931.15 951.80
-3834670 160368 932.93 953.66
478 2541 0 0
0 0
1995.57 35.29
-3654334 374599 925.40 944.69
-3535651 352587 931.53 972.84
479 2381 0 0
0 0
470.214 17.30
-3507781 227187 912.13 1000.28
-3449797 215343 919.28 1009.87
480 2381 0 0
0 0
1445.22 20.97
-3504322 202495 910.19 1003.22
-3434046 188129 919.10 1014.61
481 2401 0 0
0 0
139.511 5.65
-3479712 372397 948.98 971.54
-3460709 368962 949.57 976.43
482 2381 0 0
0 0
1398.61 19.99
-3498670 177347 908.91 1006.13
-3431676 163648 917.60 1016.79
483 2381 0 0
0 0
726.795 19.02
-3493022 152199 907.98 1008.69
-3429309 139167 916.40 1018.67
