2 9 170 180 23510 
12 25
0 0 0
761 40000 130.293 0 0
780 40000 130.293 0 0
801 40000 130.293 0 0
821 40000 130.293 0 0
851 40000 130.293 0 0
888 40000 130.293 0 0
895 40000 130.293 0 0
963 40000 130.293 0 1
1594 40000 130.293 0 0
1613 40000 130.293 0 0
2446 50000 2373.46 2 0
2573 50000 2879.47 2 1
1 2446 0 0
0 0
73.1963 6.79
-6887411 -243839 425.73 510.17
-6865753 -252172 429.89 512.27
2 2446 0 0
0 0
5.04471 1.81
-6873371 -173680 421.04 518.92
-6867583 -175907 422.05 519.59
3 2446 0 0
0 0
152.735 8.91
-6877885 -197140 422.28 516.37
-6849461 -208080 427.39 519.49
4 2446 0 0
0 0
1215.72 20.03
-6871967 -224634 425.79 514.58
-6808043 -249260 437.87 520.98
5 2446 0 0
0 0
767.936 11.37
-6833690 -214215 430.26 521.17
-6797414 -228202 436.95 524.97
6 2446 0 0
0 0
158.823 6.08
-6821000 -193915 430.23 524.87
-6801584 -201403 433.69 527.02
7 2573 0 16
0 0
1031.02 12.89
-4761611 -350376 730.40 737.53
-4719231 -362532 737.31 742.87
8 2573 0 17
0 0
1031.21 13.23
-4755113 -327787 730.26 739.55
-4711635 -340260 737.09 745.28
9 2573 0 18
0 0
680.112 14.78
-4744645 -306342 730.99 741.84
-4696063 -320283 738.50 748.37
10 2573 0 20
0 0
137.127 6.84
-4705817 -293048 736.19 747.86
-4683323 -299506 739.63 750.92
11 761 0 0
0 0
130.293 3.77
-4862963 346582 737.80 783.18
-4850310 344173 738.88 785.76
12 963 0 19
0 0
130.293 3.77
-4640065 -362730 760.89 765.03
-4627687 -366291 762.89 766.60
13 821 0 0
0 0
130.293 3.77
-4739455 -275495 740.42 816.24
-4727048 -278955 742.74 817.50
14 888 0 0
0 0
130.293 3.77
-4618773 -59140 741.47 850.05
-4606264 -62210 743.35 851.79
15 851 0 0
0 0
130.293 3.77
-4513839 39756 756.26 865.58
-4501287 36866 758.03 867.43
16 2573 0 7
0 0
1031.02 12.89
-4761611 -350376 812.73 819.86
-4719231 -362532 819.64 825.19
17 2573 0 8
0 0
1031.21 13.23
-4755113 -327787 812.59 821.88
-4711635 -340260 819.42 827.61
18 2573 0 9
0 0
680.112 14.78
-4744645 -306342 813.32 824.17
-4696063 -320283 820.82 830.70
19 963 0 12
0 0
130.293 3.77
-4640065 -362730 820.34 824.49
-4627687 -366291 822.34 826.06
20 2573 0 10
0 0
137.127 6.84
-4705817 -293048 818.52 830.19
-4683323 -299506 821.96 833.24
21 801 0 0
0 0
130.293 3.77
-4413453 -93634 772.15 878.68
-4400946 -96709 774.07 880.38
22 780 0 0
0 0
130.293 3.77
-4319805 -253246 797.93 879.96
-4307351 -256531 800.15 881.33
23 895 0 0
0 0
130.293 3.77
-4243982 38901 795.23 904.56
-4231420 36058 797.00 906.41
24 1613 0 0
0 0
130.293 3.77
-3858576 43777 850.97 960.13
-3846000 40995 852.74 962.00
25 1594 0 0
0 0
130.293 3.77
-3185848 82703 949.07 1056.31
-3173248 80032 950.80 1058.21
