2 13 111 180 23510 
52 52
0 0 0
2 40000 130.293 0 0
73 40000 130.293 0 0
144 40000 130.293 0 0
267 40000 130.293 0 0
315 40000 130.293 0 0
318 40000 130.293 0 0
756 40000 130.293 0 0
757 40000 130.293 0 0
761 40000 130.293 0 0
789 40000 130.293 0 0
792 40000 130.293 0 0
796 40000 130.293 0 0
798 40000 130.293 0 0
801 40000 130.293 0 0
809 40000 130.293 0 0
822 40000 130.293 0 0
835 40000 130.293 0 0
847 40000 130.293 0 0
849 40000 130.293 0 0
851 40000 130.293 0 0
862 40000 130.293 0 0
881 40000 130.293 0 0
888 40000 130.293 0 0
895 40000 130.293 0 0
913 40000 130.293 0 0
932 40000 130.293 0 0
1103 40000 130.293 0 0
1105 40000 130.293 0 0
1106 40000 130.293 0 0
1112 40000 130.293 0 0
1117 40000 130.293 0 0
1119 40000 130.293 0 0
1127 40000 130.293 0 0
1131 40000 130.293 0 0
1134 40000 130.293 0 0
1147 40000 130.293 0 0
1164 40000 130.293 0 0
1167 40000 130.293 0 0
1356 40000 130.293 0 0
1580 40000 130.293 0 0
1592 40000 130.293 0 0
1594 40000 130.293 0 0
1612 40000 130.293 0 0
1613 40000 130.293 0 0
1615 40000 130.293 0 0
1620 40000 130.293 0 0
1624 40000 130.293 0 0
1656 40000 130.293 0 0
1657 40000 130.293 0 0
1669 40000 130.293 0 0
1687 40000 130.293 0 0
1688 40000 130.293 0 0
8 1117 0 0
0 0
130.293 3.77
-6517232 260192 481.33 561.58
-6504693 257247 482.75 563.79
9 1147 0 0
0 0
130.293 3.77
-6451716 267991 491.89 569.97
-6439166 265094 493.29 572.19
13 1134 0 0
0 0
130.293 3.77
-6247336 67220 506.34 614.59
-6234905 63847 508.05 616.47
14 1103 0 0
0 0
130.293 3.77
-6144154 -23315 520.49 630.26
-6131775 -26870 522.31 632.02
17 1356 0 0
0 0
130.293 3.77
-6059538 -127739 535.81 639.40
-6047222 -131507 537.79 640.98
18 1127 0 0
0 0
130.293 3.77
-6008682 -29715 540.14 649.77
-5996287 -33217 541.97 651.52
19 1164 0 0
0 0
130.293 3.77
-6008240 118359 542.76 647.28
-5995747 115224 544.42 649.23
21 1131 0 0
0 0
130.293 3.77
-5942148 127888 552.78 656.35
-5929643 124801 554.43 658.32
23 1167 0 0
0 0
130.293 3.77
-5921839 -110721 554.90 660.11
-5909487 -114373 556.85 661.73
25 1112 0 0
0 0
130.293 3.77
-5912105 102027 555.94 661.88
-5899613 98887 557.62 663.81
26 1106 0 0
0 0
130.293 3.77
-5906344 -116409 557.39 662.09
-5893994 -120066 559.35 663.70
27 1105 0 0
0 0
130.293 3.77
-5856474 -67784 562.84 671.05
-5844084 -71303 564.73 672.75
31 1119 0 0
0 0
130.293 3.77
-5792509 4287 571.21 681.17
-5780065 964 573.01 682.97
32 73 0 0
0 0
130.293 3.77
-5688860 -311629 609.62 672.72
-5676607 -315598 612.23 673.65
34 2 0 0
0 0
130.293 3.77
-5531726 -142007 612.87 714.88
-5519340 -145539 614.87 716.46
35 318 0 0
0 0
130.293 3.77
-5527085 -179218 616.05 713.04
-5514720 -182825 618.11 714.55
36 144 0 0
0 0
130.293 3.77
-5495019 -148641 618.57 719.79
-5482632 -152171 620.58 721.36
37 315 0 0
0 0
130.293 3.77
-5430866 -243251 636.17 720.72
-5418527 -246942 638.40 722.05
38 267 0 0
0 0
130.293 3.77
-5414966 -57681 626.40 735.08
-5402519 -60992 628.28 736.81
46 822 0 0
0 0
130.293 3.77
-4895891 -217363 710.62 800.85
-4883473 -220783 712.76 802.29
47 761 0 0
0 0
130.293 3.77
-4893110 197783 709.18 803.09
-4880513 195100 710.76 805.14
48 757 0 0
0 0
130.293 3.77
-4884781 -69949 703.31 811.37
-4872294 -73109 705.20 813.08
49 881 0 0
0 0
130.293 3.77
-4873666 -158497 708.97 808.91
-4861219 -161807 710.99 810.49
50 792 0 0
0 0
130.293 3.77
-4769522 212476 728.39 819.58
-4756916 209835 729.96 821.66
52 835 0 0
0 0
130.293 3.77
-4753587 -284924 739.86 812.72
-4741186 -288404 742.23 813.93
53 1656 0 0
0 0
130.293 3.77
-4732292 136021 728.03 830.70
-4719713 133253 729.70 832.66
54 1669 0 0
0 0
130.293 3.77
-4731276 160027 729.65 829.38
-4718688 157301 731.28 831.38
58 888 0 0
0 0
130.293 3.77
-4658190 -213039 744.53 835.61
-4645748 -216370 746.66 837.08
59 809 0 0
0 0
130.293 3.77
-4657309 -113705 737.75 842.65
-4644825 -116875 739.69 844.30
60 847 0 0
0 0
130.293 3.77
-4643898 -223010 747.60 836.66
-4631459 -226352 749.75 838.11
61 1687 0 0
0 0
130.293 3.77
-4638349 148561 742.34 843.53
-4625762 145828 743.99 845.52
63 756 0 0
0 0
130.293 3.77
-4551787 -375981 796.99 813.89
-4539405 -379527 803.29 811.16
65 851 0 0
0 0
130.293 3.77
-4551429 -116329 753.16 857.82
-4538939 -119474 755.11 859.47
66 849 0 0
0 0
130.293 3.77
-4545738 -302144 772.91 839.72
-4533323 -305576 775.36 840.85
67 1688 0 0
0 0
130.293 3.77
-4519356 128621 758.40 861.85
-4506772 125873 760.07 863.80
68 1657 0 0
0 0
130.293 3.77
-4501143 87969 759.28 866.22
-4488573 85159 761.00 868.13
69 801 0 0
0 0
130.293 3.77
-4453924 -251725 778.36 860.78
-4441481 -255050 780.59 862.15
70 789 0 0
0 0
130.293 3.77
-4446509 -72483 766.69 874.59
-4433995 -75533 768.59 876.31
71 798 0 0
0 0
130.293 3.77
-4423933 -29494 769.11 878.70
-4411402 -32474 770.96 880.47
72 913 0 0
0 0
130.293 3.77
-4419546 -197125 777.53 871.54
-4407078 -200358 779.62 873.06
74 932 0 0
0 0
130.293 3.77
-4294815 -38483 787.88 897.23
-4282281 -41450 789.74 898.99
75 862 0 0
0 0
130.293 3.77
-4289440 -107833 790.63 896.03
-4276931 -110900 792.57 897.70
76 895 0 0
0 0
130.293 3.77
-4282159 -122559 792.35 896.41
-4269654 -125645 794.31 898.06
77 796 0 0
0 0
130.293 3.77
-4218468 -113476 801.13 906.03
-4205957 -116535 803.07 907.70
80 1615 0 0
0 0
130.293 3.77
-4122969 -165551 817.89 916.85
-4110470 -168660 819.92 918.43
81 1624 0 0
0 0
130.293 3.77
-4051523 -144034 826.83 928.55
-4039013 -147098 828.82 930.17
83 1613 0 0
0 0
130.293 3.77
-3897441 -124867 848.04 951.84
-3884917 -127873 850.00 953.50
84 1620 0 0
0 0
130.293 3.77
-3779366 -147530 866.34 967.64
-3766843 -150540 868.34 969.26
85 1612 0 0
0 0
130.293 3.77
-3754662 -211392 874.87 966.24
-3742157 -214476 876.98 967.75
86 1592 0 0
0 0
130.293 3.77
-3572627 28288 892.05 1001.63
-3560048 25521 893.84 1003.48
88 1580 0 0
0 0
130.293 3.77
-3415547 -101386 916.57 1022.48
-3402996 -104278 918.50 1024.17
90 1594 0 0
0 0
130.293 3.77
-3225359 -97028 943.86 1050.10
-3212800 -99888 945.79 1051.81
