3 8 155 180 23510 
12 28
0 0 0
283 40000 1234.14 2 1
334 40000 308.507 2 1
335 40000 308.53 2 1
337 40000 308.411 2 1
351 40000 308.479 2 1
352 40000 308.588 2 1
378 40000 308.443 2 1
410 40000 308.607 2 1
425 40000 308.635 2 1
634 40000 102.728 2 0
648 40000 470.999 2 0
661 30000 732.571 2 0
1 335 0 7
0 0
308.53 5.76
-6069919 -266967 549.45 554.12
-6051237 -273262 552.62 556.35
2 337 0 16
0 0
308.411 5.76
-5834571 -59190 579.09 592.51
-5815595 -64538 581.86 595.22
3 334 0 17
0 0
308.507 5.76
-5828542 -79498 580.08 593.26
-5809585 -84912 582.86 595.96
4 351 0 18
0 0
308.479 5.76
-5787424 -248049 589.27 595.95
-5768632 -254009 592.26 598.39
5 634 0 0
0 0
102.728 3.50
-5904030 -141496 578.24 641.91
-5892570 -144950 580.22 643.24
6 352 0 20
0 0
308.588 5.77
-5624185 -260761 613.49 618.92
-5605352 -266626 616.56 621.28
7 335 0 1
0 0
308.53 5.76
-6069919 -266967 618.08 622.76
-6051237 -273262 621.26 624.99
8 661 0 0
0 0
73.4922 3.60
-5829710 50811 583.64 657.99
-5817772 47822 585.28 659.80
9 661 0 0
0 0
155.146 5.29
-5819316 72449 585.91 658.73
-5801764 68050 588.26 661.44
10 425 0 21
0 0
308.635 5.77
-5563817 -249906 621.67 628.18
-5544957 -255688 624.66 630.63
11 661 0 0
0 0
290.165 8.52
-5805965 93349 588.86 659.64
-5777719 86259 592.56 664.10
12 283 0 22
0 0
754.745 11.53
-5560989 119163 619.10 631.56
-5522610 110075 624.55 637.20
13 283 0 23
0 0
479.393 11.53
-5555549 142040 620.18 632.06
-5517180 132950 625.60 637.73
14 661 0 0
0 0
213.768 6.30
-5784090 112107 593.19 661.63
-5763183 106852 595.85 665.00
15 410 0 24
0 0
308.607 5.77
-5439500 136275 636.87 648.91
-5420287 131806 639.59 651.74
16 337 0 2
0 0
308.411 5.76
-5834571 -59190 647.72 661.14
-5815595 -64538 650.49 663.85
17 334 0 3
0 0
308.507 5.76
-5828542 -79498 648.71 661.89
-5809585 -84912 651.49 664.59
18 351 0 4
0 0
308.479 5.76
-5787424 -248049 657.90 664.58
-5768632 -254009 660.89 667.02
19 378 0 25
0 0
308.443 5.76
-5219026 -223169 670.50 678.99
-5200080 -228620 673.41 681.55
20 352 0 6
0 0
308.588 5.77
-5624185 -260761 682.11 687.54
-5605352 -266626 685.19 689.91
21 425 0 10
0 0
308.635 5.77
-5563817 -249906 690.29 696.81
-5544957 -255688 693.29 699.26
22 283 0 12
0 0
754.745 11.53
-5560989 119163 687.73 700.19
-5522610 110075 693.18 705.83
23 283 0 13
0 0
479.393 11.53
-5555549 142040 688.80 700.68
-5517180 132950 694.22 706.35
24 410 0 15
0 0
308.607 5.77
-5439500 136275 705.49 717.53
-5420287 131806 708.21 720.36
25 378 0 19
0 0
308.443 5.76
-5219026 -223169 739.12 747.60
-5200080 -228620 742.03 750.17
26 648 0 0
0 0
129.034 4.11
-4739567 -39583 740.86 815.76
-4725916 -42898 742.91 817.66
27 648 0 0
0 0
196.473 7.25
-4728250 -18138 742.15 817.75
-4704151 -23996 745.70 821.16
28 648 0 0
0 0
145.492 5.49
-4708161 1173 744.96 820.74
-4689914 -3266 747.60 823.37
