2 13 111 180 23510 
21 21
0 0 0
2 40000 130.293 0 0
73 40000 130.293 0 0
144 40000 130.293 0 0
267 40000 130.293 0 0
315 40000 130.293 0 0
318 40000 130.293 0 0
881 40000 130.293 0 0
888 40000 130.293 0 0
932 40000 130.293 0 0
1103 40000 130.293 0 0
1105 40000 130.293 0 0
1106 40000 130.293 0 0
1112 40000 130.293 0 0
1117 40000 130.293 0 0
1119 40000 130.293 0 0
1127 40000 130.293 0 0
1131 40000 130.293 0 0
1134 40000 130.293 0 0
1147 40000 130.293 0 0
1164 40000 130.293 0 0
1167 40000 130.293 0 0
8 1117 0 0
0 0
130.293 3.77
-6517232 260192 481.33 561.58
-6504693 257247 482.75 563.79
9 1147 0 0
0 0
130.293 3.77
-6451716 267991 491.89 569.97
-6439166 265094 493.29 572.19
13 1134 0 0
0 0
130.293 3.77
-6247336 67220 506.34 614.59
-6234905 63847 508.05 616.47
14 1103 0 0
0 0
130.293 3.77
-6144154 -23315 520.49 630.26
-6131775 -26870 522.31 632.02
18 1127 0 0
0 0
130.293 3.77
-6008682 -29715 540.14 649.77
-5996287 -33217 541.97 651.52
19 1164 0 0
0 0
130.293 3.77
-6008240 118359 542.76 647.28
-5995747 115224 544.42 649.23
21 1131 0 0
0 0
130.293 3.77
-5942148 127888 552.78 656.35
-5929643 124801 554.43 658.32
23 1167 0 0
0 0
130.293 3.77
-5921839 -110721 554.90 660.11
-5909487 -114373 556.85 661.73
25 1112 0 0
0 0
130.293 3.77
-5912105 102027 555.94 661.88
-5899613 98887 557.62 663.81
26 1106 0 0
0 0
130.293 3.77
-5906344 -116409 557.39 662.09
-5893994 -120066 559.35 663.70
27 1105 0 0
0 0
130.293 3.77
-5856474 -67784 562.84 671.05
-5844084 -71303 564.73 672.75
31 1119 0 0
0 0
130.293 3.77
-5792509 4287 571.21 681.17
-5780065 964 573.01 682.97
32 73 0 0
0 0
130.293 3.77
-5688860 -311629 609.62 672.72
-5676607 -315598 612.23 673.65
34 2 0 0
0 0
130.293 3.77
-5531726 -142007 612.87 714.88
-5519340 -145539 614.87 716.46
35 318 0 0
0 0
130.293 3.77
-5527085 -179218 616.05 713.04
-5514720 -182825 618.11 714.55
36 144 0 0
0 0
130.293 3.77
-5495019 -148641 618.57 719.79
-5482632 -152171 620.58 721.36
37 315 0 0
0 0
130.293 3.77
-5430866 -243251 636.17 720.72
-5418527 -246942 638.40 722.05
38 267 0 0
0 0
130.293 3.77
-5414966 -57681 626.40 735.08
-5402519 -60992 628.28 736.81
49 881 0 0
0 0
130.293 3.77
-4873666 -158497 708.97 808.91
-4861219 -161807 710.99 810.49
58 888 0 0
0 0
130.293 3.77
-4658190 -213039 744.53 835.61
-4645748 -216370 746.66 837.08
74 932 0 0
0 0
130.293 3.77
-4294815 -38483 787.88 897.23
-4282281 -41450 789.74 898.99
