2 13 111 180 23510 
25 31
0 0 0
2 40000 130.293 0 0
73 40000 130.293 0 0
144 40000 130.293 0 0
267 40000 130.293 0 0
315 40000 130.293 0 0
318 40000 130.293 0 0
757 40000 130.293 0 0
761 40000 130.293 0 0
789 40000 130.293 0 0
792 40000 130.293 0 0
796 40000 130.293 0 0
798 40000 130.293 0 0
801 40000 130.293 0 0
809 40000 130.293 0 0
822 40000 130.293 0 0
835 40000 130.293 0 0
847 40000 130.293 0 0
851 40000 130.293 0 0
881 40000 130.293 0 0
888 40000 130.293 0 0
932 40000 130.293 0 0
1119 40000 130.293 0 0
1580 40000 130.293 0 0
1592 40000 130.293 0 0
1594 40000 130.293 0 0
31 1119 0 0
0 0
130.293 3.77
-5792509 4287 571.21 681.17
-5780065 964 573.01 682.97
32 73 0 0
0 0
130.293 3.77
-5688860 -311629 609.62 672.72
-5676607 -315598 612.23 673.65
34 2 0 0
0 0
130.293 3.77
-5531726 -142007 612.87 714.88
-5519340 -145539 614.87 716.46
35 318 0 0
0 0
130.293 3.77
-5527085 -179218 616.05 713.04
-5514720 -182825 618.11 714.55
36 144 0 0
0 0
130.293 3.77
-5495019 -148641 618.57 719.79
-5482632 -152171 620.58 721.36
37 315 0 0
0 0
130.293 3.77
-5430866 -243251 636.17 720.72
-5418527 -246942 638.40 722.05
38 267 0 0
0 0
130.293 3.77
-5414966 -57681 626.40 735.08
-5402519 -60992 628.28 736.81
46 822 0 0
0 0
130.293 3.77
-4895891 -217363 710.62 800.85
-4883473 -220783 712.76 802.29
47 761 0 0
0 0
130.293 3.77
-4893110 197783 709.18 803.09
-4880513 195100 710.76 805.14
48 757 0 0
0 0
130.293 3.77
-4884781 -69949 703.31 811.37
-4872294 -73109 705.20 813.08
49 881 0 0
0 0
130.293 3.77
-4873666 -158497 708.97 808.91
-4861219 -161807 710.99 810.49
50 792 0 0
0 0
130.293 3.77
-4769522 212476 728.39 819.58
-4756916 209835 729.96 821.66
52 835 0 0
0 0
130.293 3.77
-4753587 -284924 739.86 812.72
-4741186 -288404 742.23 813.93
58 888 0 0
0 0
130.293 3.77
-4658190 -213039 744.53 835.61
-4645748 -216370 746.66 837.08
59 809 0 0
0 0
130.293 3.77
-4657309 -113705 737.75 842.65
-4644825 -116875 739.69 844.30
60 847 0 0
0 0
130.293 3.77
-4643898 -223010 747.60 836.66
-4631459 -226352 749.75 838.11
65 851 0 0
0 0
130.293 3.77
-4551429 -116329 753.16 857.82
-4538939 -119474 755.11 859.47
69 801 0 0
0 0
130.293 3.77
-4453924 -251725 778.36 860.78
-4441481 -255050 780.59 862.15
70 789 0 0
0 0
130.293 3.77
-4446509 -72483 766.69 874.59
-4433995 -75533 768.59 876.31
71 798 0 0
0 0
130.293 3.77
-4423933 -29494 769.11 878.70
-4411402 -32474 770.96 880.47
74 932 0 0
0 0
130.293 3.77
-4294815 -38483 787.88 897.23
-4282281 -41450 789.74 898.99
77 796 0 0
0 0
130.293 3.77
-4218468 -113476 801.13 906.03
-4205957 -116535 803.07 907.70
86 1592 0 0
0 0
130.293 3.77
-3572627 28288 892.05 1001.63
-3560048 25521 893.84 1003.48
88 1580 0 0
0 0
130.293 3.77
-3415547 -101386 916.57 1022.48
-3402996 -104278 918.50 1024.17
90 1594 0 0
0 0
130.293 3.77
-3225359 -97028 943.86 1050.10
-3212800 -99888 945.79 1051.81
87 1592 0 0
0 0
130.293 3.77
-3560048 25521 893.84 1003.48
-3572627 28288 892.05 1001.63
89 1580 0 0
0 0
130.293 3.77
-3402996 -104278 918.50 1024.17
-3415547 -101386 916.57 1022.48
91 1594 0 0
0 0
130.293 3.77
-3212800 -99888 945.79 1051.81
-3225359 -97028 943.86 1050.10
40 73 0 0
0 0
130.293 3.77
-5676607 -315598 612.23 673.65
-5688860 -311629 609.62 672.72
43 144 0 0
0 0
130.293 3.77
-5482632 -152171 620.58 721.36
-5495019 -148641 618.57 719.79
44 315 0 0
0 0
130.293 3.77
-5418527 -246942 638.40 722.05
-5430866 -243251 636.17 720.72
