2 13 111 180 23510 
13 16
0 0 0
73 40000 130.293 0 0
144 40000 130.293 0 0
315 40000 130.293 0 0
757 40000 130.293 0 0
761 40000 130.293 0 0
789 40000 130.293 0 0
792 40000 130.293 0 0
796 40000 130.293 0 0
798 40000 130.293 0 0
932 40000 130.293 0 0
1580 40000 130.293 0 0
1592 40000 130.293 0 0
1594 40000 130.293 0 0
40 73 0 0
0 0
130.293 3.77
-5676607 -315598 612.23 673.65
-5688860 -311629 609.62 672.72
43 144 0 0
0 0
130.293 3.77
-5482632 -152171 620.58 721.36
-5495019 -148641 618.57 719.79
44 315 0 0
0 0
130.293 3.77
-5418527 -246942 638.40 722.05
-5430866 -243251 636.17 720.72
47 761 0 0
0 0
130.293 3.77
-4893110 197783 709.18 803.09
-4880513 195100 710.76 805.14
48 757 0 0
0 0
130.293 3.77
-4884781 -69949 703.31 811.37
-4872294 -73109 705.20 813.08
50 792 0 0
0 0
130.293 3.77
-4769522 212476 728.39 819.58
-4756916 209835 729.96 821.66
70 789 0 0
0 0
130.293 3.77
-4446509 -72483 766.69 874.59
-4433995 -75533 768.59 876.31
71 798 0 0
0 0
130.293 3.77
-4423933 -29494 769.11 878.70
-4411402 -32474 770.96 880.47
74 932 0 0
0 0
130.293 3.77
-4294815 -38483 787.88 897.23
-4282281 -41450 789.74 898.99
77 796 0 0
0 0
130.293 3.77
-4218468 -113476 801.13 906.03
-4205957 -116535 803.07 907.70
86 1592 0 0
0 0
130.293 3.77
-3572627 28288 892.05 1001.63
-3560048 25521 893.84 1003.48
88 1580 0 0
0 0
130.293 3.77
-3415547 -101386 916.57 1022.48
-3402996 -104278 918.50 1024.17
90 1594 0 0
0 0
130.293 3.77
-3225359 -97028 943.86 1050.10
-3212800 -99888 945.79 1051.81
87 1592 0 0
0 0
130.293 3.77
-3560048 25521 893.84 1003.48
-3572627 28288 892.05 1001.63
89 1580 0 0
0 0
130.293 3.77
-3402996 -104278 918.50 1024.17
-3415547 -101386 916.57 1022.48
91 1594 0 0
0 0
130.293 3.77
-3212800 -99888 945.79 1051.81
-3225359 -97028 943.86 1050.10
